0.0
0.0
0.0
0.0
0.0
0.0
4.1
4.3
4.4
3.5
4.5
4.6
4.5
4.7
4.8
4.9
4.9
4.9
5.0
5.0
5.0
4.9
4.9
4.9
4.9
4.9
4.9
4.9
4.9
4.9
4.9
5.0
5.0
4.9
4.9
5.0
5.0
5.0
5.0
5.0
5.0
5.0
5.0
5.0
5.0
5.0
5.0
5.0
5.0
5.0
5.0
5.0
5.0
5.0
5.0
5.0
5.0
5.0
5.0
5.0
5.0
5.0
5.0
5.0
5.1
5.1
5.0
5.0
5.0
5.0
5.0
5.0
5.0
5.1
5.0
5.0
5.0
5.0
5.1
5.0
5.1
5.1
5.1
5.1
5.1
5.1
5.1
5.1
5.1
5.0
5.1
5.1
5.0
5.0
5.0
5.1
5.1
5.1
5.1
5.1
5.1
5.1
5.1
5.1
5.1
5.1
5.1
5.1
5.1
5.0
5.0
5.0
5.1
5.1
5.1
5.1
5.1
5.2
5.1
5.1
5.1
5.1
5.1
5.1
5.1
5.1
5.1
5.1
5.1
5.1
5.0
5.1
5.1
5.1
5.1
5.1
5.1
5.1
5.2
5.1
5.1
5.1
5.1
5.1
5.1
5.1
5.1
5.1
5.1
5.1
5.1
5.1
5.1
5.1
5.1
5.1
5.1
5.1
5.1
5.1
5.1
5.1
5.1
5.2
5.1
5.1
5.1
5.1
5.1
5.1
5.1
5.1
5.1
5.1
5.1
5.1
5.2
5.1
5.1
5.1
5.1
4.1
3.8
4.8
4.9
4.9
5.0
5.1
5.2
5.1
5.1
5.2
5.2
5.2
5.1
5.1
5.1
5.2
5.2
5.1
5.1
5.1
5.1
5.1
5.2
5.2
5.2
5.1
5.2
5.1
5.2
5.2
5.2
5.1
5.1
5.1
5.2
5.2
5.2
5.2
5.2
5.2
5.2
5.2
5.2
5.2
5.2
5.1
5.2
5.1
5.2
5.2
5.2
5.3
5.2
5.2
5.2
5.1
5.2
5.2
5.2
5.2
5.2
5.2
5.2
5.2
5.2
5.1
5.1
5.1
5.2
5.2
5.2
5.2
5.2
5.1
5.2
5.2
5.2
5.2
5.2
5.2
5.2
5.2
5.2
5.2
5.2
5.2
5.2
5.2
5.2
5.2
5.1
5.2
5.2
5.1
5.1
5.2
5.2
5.2
5.2
5.2
5.2
5.2
5.2
5.2
5.2
5.2
5.2
5.2
5.2
5.2
5.2
5.2
5.2
5.2
5.2
5.2
5.2
5.2
5.2
5.2
5.2
5.2
5.2
5.2
5.3
5.2
5.2
5.2
5.2
5.2
5.2
5.2
5.2
5.2
5.2
5.2
5.2
5.2
5.2
5.2
5.2
5.2
5.2
5.8
5.2
5.3
5.2
5.3
5.4
5.3
5.3
5.3
5.2
5.2
5.2
5.3
5.2
5.2
5.3
5.3
5.2
11.7
16.1
16.3
16.2
16.2
16.1
16.1
16.1
16.0
16.0
16.0
16.0
16.0
15.9
16.0
16.0
16.0
15.9
15.9
15.9
15.9
15.9
6.7
5.7
5.7
5.7
5.7
5.6
7.2
8.9
8.9
8.9
8.9
8.8
8.8
8.9
8.9
8.8
8.8
8.8
8.8
8.8
8.8
8.9
8.9
8.8
8.8
8.8
8.8
8.8
8.8
8.8
8.8
8.8
8.8
8.8
8.8
7.4
5.6
12.8
25.5
27.3
31.7
62.1
963.3
962.8
961.5
964.1
960.8
959.0
958.0
956.6
958.9
958.9
957.4
956.9
958.2
959.5
958.4
958.0
958.4
957.6
957.5
958.7
958.6
957.9
956.0
957.1
955.2
955.1
955.6
956.0
956.5
955.3
956.3
955.1
954.2
953.1
953.8
954.6
956.2
953.7
951.5
953.8
952.4
954.0
954.5
952.8
951.3
951.8
952.0
951.2
951.9
951.4
950.5
952.2
951.8
952.4
952.9
953.6
954.7
953.3
953.6
954.5
958.8
955.4
956.3
955.0
954.1
953.4
953.7
950.7
951.9
952.1
951.4
952.6
954.0
952.7
951.2
950.9
951.5
954.1
956.0
955.9
953.6
954.4
952.8
955.6
953.6
951.8
951.2
953.1
954.1
955.2
952.3
951.5
951.9
954.2
954.2
956.0
955.4
954.7
956.4
954.9
954.0
954.0
954.4
954.8
955.4
954.9
955.1
955.7
953.5
955.0
954.8
954.7
957.5
958.2
955.9
957.4
955.8
955.7
955.7
956.1
955.7
954.6
956.6
954.2
955.2
955.2
953.2
956.3
955.3
955.1
953.9
948.4
949.2
949.1
948.1
950.8
952.4
949.0
950.3
955.2
950.4
952.9
955.0
957.0
959.2
956.2
954.4
955.6
955.7
955.4
954.7
957.3
954.2
954.1
954.1
948.0
947.7
944.3
948.5
946.7
944.7
943.4
944.2
944.7
942.7
942.6
943.2
946.1
941.0
943.8
939.0
936.0
933.1
934.1
936.2
937.4
937.2
936.8
936.2
936.0
942.3
946.0
945.0
945.3
943.9
943.2
943.9
946.7
944.9
942.4
943.2
945.8
944.1
943.9
942.6
947.5
945.3
945.4
944.6
948.1
946.0
945.3
948.1
945.9
947.7
945.6
944.8
943.3
943.6
945.0
937.8
935.6
934.5
935.0
935.1
937.0
937.0
939.4
939.8
939.3
945.1
947.1
950.3
948.2
947.8
947.7
945.3
946.0
948.2
947.1
944.1
945.3
946.1
948.6
946.1
945.0
944.0
945.9
949.2
945.5
944.7
944.0
947.5
947.4
945.7
944.1
942.9
945.8
946.6
943.7
935.0
934.8
935.0
936.2
937.4
938.1
935.7
936.8
938.5
940.4
945.9
944.9
948.2
945.9
946.7
943.0
945.1
945.6
945.3
942.4
944.0
946.2
943.2
941.1
941.6
944.2
942.8
945.6
944.1
942.4
944.1
944.6
943.8
944.0
940.9
941.8
939.9
940.0
944.8
936.2
933.3
935.7
934.2
931.8
930.7
932.1
934.9
934.8
934.2
937.6
941.1
942.8
945.0
942.7
942.2
940.1
939.8
941.8
942.5
941.6
941.0
943.8
940.2
940.4
943.7
941.1
939.9
943.2
942.7
940.4
939.2
939.7
940.0
944.0
939.9
938.3
938.0
938.1
939.9
934.0
930.5
932.7
930.7
929.8
930.8
930.2
933.2
935.3
934.6
941.6
943.6
943.9
945.3
944.7
942.5
940.8
941.0
941.5
944.1
942.5
941.9
940.0
939.6
942.8
942.9
941.1
940.6
943.5
943.6
942.7
940.1
942.4
943.4
942.8
939.9
940.2
941.5
942.2
941.3
933.3
933.5
932.4
933.7
934.5
935.9
935.6
937.1
937.2
939.9
944.6
944.4
944.4
946.7
945.5
943.4
941.1
940.6
941.9
941.4
945.6
943.3
940.5
940.3
939.3
938.7
940.8
941.2
940.4
942.1
941.4
940.7
940.6
940.9
943.2
941.0
939.5
938.4
939.0
935.0
930.6
933.5
932.0
932.8
931.4
930.8
930.4
930.4
931.7
938.9
938.9
941.7
943.6
942.4
940.6
939.8
939.5
938.9
939.9
942.6
942.0
940.2
940.3
940.4
938.9
939.6
940.8
938.7
940.4
940.4
943.6
941.8
939.3
940.2
939.8
940.0
940.3
938.3
939.3
939.7
931.2
929.5
931.1
930.2
930.5
928.9
930.4
931.6
930.2
932.6
940.6
940.7
939.7
938.6
943.7
942.7
940.7
937.6
938.6
939.9
940.2
929.4
930.3
929.2
927.9
927.3
927.9
928.1
929.1
929.7
929.0
929.1
928.2
933.3
937.0
937.6
937.9
937.6
935.1
932.8
927.4
928.8
928.6
928.8
928.1
927.6
927.7
926.5
926.8
928.7
928.8
931.2
937.2
937.8
936.4
937.2
938.3
938.7
937.4
937.0
936.9
935.0
935.8
937.3
936.5
938.0
934.5
934.8
927.8
927.2
929.0
930.7
930.4
931.1
930.9
930.0
928.6
930.0
929.6
930.4
929.8
930.5
930.1
929.3
930.5
930.7
938.0
938.7
938.4
938.3
938.6
938.7
938.6
582.2
37.5
37.2
37.2
37.7
37.5
37.0
36.9
37.0
36.9
37.2
37.1
36.9
37.0
37.0
36.9
36.9
37.1
37.3
37.1
37.3
37.1
37.0
37.1
37.1
37.2
37.0
37.0
36.9
37.3
37.3
37.1
37.1
37.2
37.1
36.9
36.9
36.9
36.9
37.0
37.2
36.8
37.1
37.3
37.1
37.0
37.3
37.7
37.6
37.0
37.1
37.0
37.2
37.4
37.3
37.4
37.6
37.3
37.6
37.4
37.0
37.2
37.1
37.1
37.2
37.2
37.0
37.3
37.1
37.0
37.2
36.9
37.1
37.3
37.3
36.8
36.8
36.9
37.1
37.0
37.2
37.0
37.3
37.4
37.5
37.2
37.6
37.7
37.2
37.1
37.3
37.2
37.3
37.1
37.3
37.1
37.5
37.4
37.0
37.2
37.8
37.5
37.0
37.0
37.1
37.3
37.5
37.1
36.8
37.4
37.2
36.7
36.8
37.4
37.0
36.9
36.9
36.7
36.9
37.2
37.0
37.2
37.1
37.2
37.0
37.0
37.1
37.0
37.2
37.4
37.4
37.2
37.6
37.8
37.1
37.5
37.5
37.7
37.5
37.5
36.9
37.1
37.6
37.1
37.4
37.3
36.9
36.8
36.7
37.4
37.0
37.3
36.9
36.8
37.1
37.0
36.8
36.9
36.8
36.8
37.1
36.9
37.0
36.8
37.2
36.9
37.2
37.1
37.2
37.7
37.2
37.1
37.1
36.9
36.9
37.4
37.2
37.4
37.1
37.2
37.3
37.2
37.4
37.1
37.0
36.9
36.7
36.8
36.5
36.6
36.8
37.1
36.7
36.8
36.9
37.3
37.1
37.0
36.9
37.0
36.9
37.0
37.1
37.0
36.7
36.8
37.1
37.0
36.8
37.1
37.2
36.9
36.5
36.8
36.9
36.9
37.0
36.5
37.2
37.1
36.6
36.2
36.8
36.7
36.6
36.1
36.6
36.7
36.5
36.1
36.3
36.5
36.5
36.1
36.0
36.9
36.8
36.5
35.8
36.5
36.8
36.3
35.9
36.0
36.8
36.6
36.3
35.5
36.2
36.7
36.6
36.3
35.5
36.5
36.8
36.3
35.7
35.4
36.7
36.5
36.4
35.5
35.6
36.6
36.4
36.1
35.4
35.7
36.5
36.2
36.1
34.9
35.4
36.5
36.1
36.1
35.2
35.8
36.4
36.2
36.1
35.3
35.4
36.7
36.3
36.0
35.1
34.8
36.4
36.2
36.0
35.4
34.3
36.1
36.3
36.3
35.6
34.7
35.9
36.5
36.1
36.0
34.9
35.0
36.4
36.0
35.6
35.5
34.6
35.5
36.0
35.7
35.6
34.6
34.3
36.0
36.0
35.7
35.9
35.0
35.2
36.2
35.8
35.7
35.4
34.4
35.7
36.1
35.3
35.5
35.2
34.4
36.0
36.0
35.4
35.3
34.5
34.4
36.2
35.8
35.2
35.4
34.9
33.8
35.5
36.0
35.3
35.4
34.4
33.6
35.5
35.9
35.1
35.5
34.9
34.1
35.1
36.3
35.5
35.3
34.9
33.9
34.4
36.4
35.3
35.0
35.7
34.3
33.9
35.5
35.8
35.1
35.5
35.2
33.8
34.8
36.3
35.5
35.2
34.8
34.3
34.1
35.9
35.8
34.8
35.1
34.6
33.6
34.2
35.8
35.6
34.8
35.2
34.4
33.3
34.9
36.3
35.5
34.9
34.8
34.3
34.1
35.7
35.8
34.5
35.3
35.0
33.1
33.8
36.1
35.7
34.9
35.1
34.8
33.1
34.0
36.4
36.1
34.8
35.3
34.8
33.3
33.9
35.5
36.0
34.8
35.3
35.2
33.2
33.5
35.0
35.9
34.6
34.6
35.6
34.1
33.3
34.1
36.2
35.8
34.4
34.9
35.2
34.0
33.7
35.1
36.5
35.3
34.4
35.0
34.6
33.2
34.0
36.1
35.7
34.7
35.1
34.9
33.3
33.5
35.3
36.5
34.8
34.0
34.8
34.5
33.0
33.3
35.2
36.3
34.6
33.9
35.0
34.9
33.1
33.6
35.0
36.2
34.9
34.3
34.8
34.8
33.1
33.4
34.2
36.0
35.9
33.7
34.5
35.4
33.6
33.2
32.7
34.1
35.3
35.3
35.0
35.3
33.4
33.3
33.6
34.4
35.3
34.0
34.2
35.0
34.5
32.5
32.7
32.3
34.0
35.3
35.3
34.4
34.4
34.9
33.5
33.1
32.1
32.7
34.8
34.9
34.5
34.1
35.1
34.8
32.5
33.0
33.1
34.3
34.6
34.3
34.4
34.8
34.6
32.8
31.6
31.8
33.9
34.9
35.9
34.3
33.9
34.4
35.1
32.9
33.0
31.4
32.6
34.2
35.5
34.1
33.5
33.9
34.1
32.6
32.3
30.8
31.5
34.2
36.0
34.9
33.6
33.7
34.2
33.3
32.8
32.9
33.6
34.2
34.4
33.6
33.6
34.1
34.3
32.7
32.8
33.1
33.6
35.0
34.1
32.9
33.4
34.4
33.6
32.4
32.0
30.1
32.2
34.2
35.4
34.9
33.4
33.4
33.7
33.8
31.7
31.5
31.7
32.4
34.0
34.8
34.6
33.0
33.3
34.1
34.2
32.5
32.7
30.4
31.1
33.6
34.6
35.3
34.1
33.5
33.6
34.1
32.8
32.1
29.9
31.1
33.2
34.8
35.4
34.6
32.7
33.0
33.8
34.2
32.3
30.6
29.8
32.4
33.9
34.6
35.7
34.3
32.6
32.9
34.1
34.3
32.0
30.9
30.9
33.2
33.7
34.0
33.3
34.0
33.9
33.5
33.2
33.8
32.5
31.8
31.6
32.7
32.4
32.8
33.7
33.9
34.0
33.3
33.4
34.0
33.1
32.0
29.1
31.9
33.6
33.5
34.9
34.1
33.6
32.7
33.1
33.3
33.5
32.2
30.9
30.9
33.7
34.4
34.3
34.3
34.5
33.8
33.1
33.3
33.6
34.1
32.7
31.3
30.4
33.2
33.9
34.4
34.8
34.5
33.9
32.9
33.0
33.7
34.3
32.8
32.0
30.5
31.3
32.9
33.7
34.1
34.9
34.4
32.9
33.2
33.2
33.5
32.9
32.8
31.6
30.1
31.8
33.4
34.5
34.8
34.4
33.0
33.3
33.7
33.9
33.1
31.5
28.8
33.1
34.6
33.6
33.7
34.0
34.1
33.4
33.0
33.6
33.5
33.6
33.0
31.5
29.6
31.9
34.1
33.7
34.1
34.3
34.3
33.6
32.9
32.8
32.0
32.5
33.5
31.9
28.8
31.9
33.8
34.3
34.4
33.7
33.9
33.3
33.5
33.6
32.1
30.0
32.6
33.9
32.9
33.4
31.1
31.1
32.5
34.0
33.3
33.3
33.7
33.4
32.9
33.1
33.6
33.4
33.3
32.2
27.9
31.9
33.9
33.7
33.8
33.5
34.0
33.8
33.4
32.9
31.6
31.2
33.0
33.7
33.6
32.3
30.2
30.0
32.4
33.7
34.1
34.1
33.6
33.8
33.4
33.0
32.0
32.7
33.4
33.3
33.3
33.0
30.4
28.6
33.2
33.9
33.7
33.8
33.7
33.8
33.5
33.4
32.8
31.6
31.4
32.9
33.3
33.2
30.3
28.1
32.6
32.5
33.1
33.5
33.8
31.4
30.5
32.4
33.8
33.6
33.6
33.0
32.8
30.1
32.9
33.6
33.4
32.1
28.6
30.2
32.4
33.7
34.1
33.5
34.0
33.0
30.5
30.6
32.9
33.4
32.0
32.4
33.6
33.5
33.2
31.8
27.5
31.6
32.1
32.8
33.0
33.1
31.1
31.8
33.1
33.3
33.4
32.7
31.3
29.7
33.5
35.1
34.8
32.7
32.3
28.1
30.3
32.5
33.5
32.5
31.8
31.9
31.9
31.7
32.8
33.7
33.7
34.1
33.8
32.3
30.0
31.1
34.2
34.3
33.7
32.8
26.7
30.2
31.2
32.8
32.8
33.8
34.3
31.9
29.9
32.0
33.3
33.8
33.2
32.6
32.0
32.0
31.5
32.6
31.8
31.2
31.2
31.3
31.6
32.7
33.2
31.7
32.5
32.4
31.3
32.2
33.5
34.3
33.8
32.6
32.4
30.2
32.4
33.9
33.3
33.4
31.5
28.3
30.8
32.5
32.9
32.7
30.8
32.2
34.2
31.8
30.0
32.9
34.2
33.8
34.0
33.1
28.5
29.8
34.3
35.7
34.3
32.4
26.9
28.7
31.9
33.0
32.7
30.3
31.6
34.3
33.7
33.7
33.7
30.4
30.9
32.3
33.9
33.4
32.9
33.6
33.9
33.2
32.8
28.4
30.3
30.4
32.0
32.8
32.0
31.2
33.9
33.9
33.5
33.4
32.1
30.6
32.1
33.4
33.1
29.8
29.9
34.2
35.2
34.7
31.8
29.4
29.8
30.7
32.1
33.3
32.7
30.7
31.9
33.7
33.7
33.6
33.8
32.9
33.8
32.1
27.4
31.1
33.3
34.3
34.8
33.5
31.8
27.3
30.8
31.3
32.4
31.8
32.3
31.7
31.9
32.8
33.9
34.0
33.4
33.1
29.8
31.3
32.7
34.1
32.4
28.2
31.6
34.6
35.7
33.3
29.9
28.2
30.2
31.2
32.8
33.0
31.7
29.5
32.8
34.5
34.4
33.2
30.3
31.5
32.4
33.6
33.0
31.6
29.7
31.7
33.9
33.9
34.2
32.8
31.5
28.7
30.0
31.7
32.3
32.2
32.5
31.2
30.7
32.0
34.7
34.6
32.3
29.5
31.5
32.8
33.4
32.2
31.6
30.0
30.7
32.9
33.8
33.8
33.7
32.7
29.3
29.1
30.7
32.5
31.1
31.0
31.8
32.7
31.3
31.7
34.2
34.4
33.4
32.7
30.1
30.4
32.2
33.5
32.6
31.8
29.5
32.5
33.8
34.6
34.1
32.4
28.6
29.8
30.3
32.2
30.6
32.3
32.6
31.9
30.9
32.4
34.6
34.2
33.1
31.2
29.4
30.3
32.7
33.3
32.2
29.9
31.5
34.3
33.8
33.8
32.8
29.3
29.1
30.9
32.7
32.1
29.6
31.4
32.6
32.9
33.1
33.7
34.2
33.8
31.4
29.7
30.0
31.9
33.6
33.0
31.7
30.5
30.1
32.3
34.3
35.1
34.0
29.8
28.2
30.2
31.6
31.9
30.0
31.4
33.1
33.3
29.8
30.1
31.9
34.7
35.0
31.3
28.4
30.8
32.1
34.0
33.0
32.7
30.2
29.7
32.2
32.8
33.1
33.5
34.4
32.9
28.7
29.7
30.1
30.5
31.7
32.1
32.5
31.5
31.1
31.9
32.8
34.6
34.7
32.4
29.3
30.2
30.0
33.2
34.1
32.9
32.6
28.5
30.9
33.7
34.1
34.3
33.6
32.4
26.3
30.2
30.1
31.3
31.2
31.1
31.7
33.0
32.0
29.8
32.0
35.4
35.9
32.3
27.6
30.8
31.1
33.5
34.1
33.4
32.8
28.2
31.0
33.8
33.5
33.4
33.4
32.1
28.4
29.8
30.1
31.5
31.8
30.3
30.5
32.0
32.2
31.3
30.4
33.1
34.4
34.2
32.9
29.7
30.1
31.6
33.4
33.4
31.0
28.6
31.3
32.7
33.1
32.4
32.6
32.0
31.2
31.0
30.4
30.3
31.7
31.8
31.6
29.5
29.8
31.6
32.6
32.0
29.6
31.4
33.2
34.6
33.9
33.0
32.1
28.5
30.0
31.5
32.9
32.9
31.6
29.6
29.5
32.3
33.2
31.9
31.9
32.4
32.6
29.6
31.0
30.4
32.2
31.5
29.5
29.7
31.3
32.1
32.5
31.4
30.4
32.7
33.0
33.7
33.6
32.7
28.3
30.3
31.0
33.6
33.6
31.9
30.3
30.2
33.4
33.5
28.7
29.2
32.4
34.2
34.3
33.1
30.3
28.4
31.8
32.1
30.5
28.9
29.7
32.6
33.2
31.8
28.6
31.5
33.7
34.4
33.0
31.9
29.1
30.9
31.4
33.3
33.7
32.8
30.7
31.0
32.4
33.3
31.4
28.4
32.6
33.6
33.4
34.2
33.5
31.4
27.7
31.0
32.0
33.1
28.6
29.9
30.7
32.6
32.3
29.4
30.7
34.2
33.7
33.4
33.2
32.0
28.7
31.3
31.7
32.5
33.5
32.2
29.3
30.7
32.8
31.1
29.3
32.0
33.9
34.2
33.3
32.2
29.1
30.2
31.0
32.8
31.0
29.8
31.1
31.0
32.8
32.2
32.3
29.0
31.1
33.5
34.5
33.6
31.0
28.9
29.6
31.5
32.0
33.6
32.2
30.7
30.1
31.7
34.1
33.3
29.1
30.1
32.4
34.5
33.4
32.8
33.0
27.6
30.9
33.0
31.4
29.4
30.3
32.0
31.6
29.6
30.7
33.4
33.0
27.4
30.6
34.0
35.5
33.1
28.9
29.0
30.4
32.5
32.6
31.6
31.6
30.4
30.9
32.3
33.5
28.8
30.9
31.5
34.2
34.3
33.7
31.7
27.4
31.1
30.8
32.0
30.6
28.9
30.9
31.0
30.9
30.9
33.1
29.9
30.0
33.5
33.4
33.7
31.7
28.4
31.7
33.3
30.7
30.8
32.7
33.1
32.4
29.0
31.3
32.9
33.1
29.3
29.3
32.8
33.8
33.6
32.6
33.0
29.9
29.8
30.7
32.5
31.1
29.2
31.3
31.3
31.8
31.1
31.2
31.9
31.7
30.6
32.5
34.6
34.4
33.0
28.2
29.7
30.4
32.8
33.6
32.1
32.5
30.0
30.6
32.9
32.8
30.7
28.0
32.8
33.9
33.3
30.1
30.0
33.9
32.2
26.7
31.4
31.8
32.4
29.1
29.9
31.1
33.5
32.5
29.5
30.6
32.4
32.8
29.4
32.7
35.1
34.2
29.5
28.8
30.7
33.0
33.3
32.3
30.8
32.1
31.5
32.1
33.6
31.2
26.9
32.2
34.1
33.9
32.5
29.0
31.6
33.1
30.7
28.7
30.6
33.0
33.3
29.3
29.1
30.8
33.0
32.2
29.7
30.3
32.7
32.1
29.1
32.7
33.6
32.0
27.1
29.8
31.3
32.4
32.5
30.6
28.7
29.8
32.5
32.4
28.7
29.7
32.5
32.8
32.5
32.5
32.1
27.5
29.4
30.1
30.7
31.3
29.5
28.9
30.4
31.5
29.2
30.4
31.9
29.9
29.6
32.3
31.7
30.2
32.3
33.8
31.2
27.1
31.3
31.9
28.5
31.0
32.2
31.9
31.9
28.8
29.8
31.3
32.9
32.1
28.0
29.4
30.8
33.2
33.2
32.8
32.3
30.3
28.4
30.6
31.6
30.6
29.0
31.0
32.6
28.1
29.0
30.1
31.7
31.3
28.9
30.9
31.5
29.6
30.2
33.2
34.2
32.3
28.2
27.9
30.2
31.4
31.9
31.9
31.1
30.6
31.0
30.3
31.3
31.8
30.1
28.9
30.5
31.1
31.2
32.8
32.6
29.1
30.2
33.1
29.6
28.1
31.2
30.7
30.4
28.9
30.3
30.2
30.4
31.2
31.7
30.8
28.9
30.5
32.0
32.6
33.2
30.1
28.8
30.1
32.6
29.4
29.3
31.8
32.7
31.2
29.7
29.2
31.8
32.8
31.6
27.1
29.7
31.5
33.4
32.8
31.7
29.5
29.4
29.6
30.7
29.5
29.7
31.5
29.6
29.2
29.7
31.4
31.0
29.5
30.9
31.9
31.0
28.4
30.5
32.4
32.9
33.3
30.7
28.3
30.4
31.1
30.8
29.8
30.8
32.8
32.5
30.4
28.5
31.1
33.1
32.7
29.1
29.9
30.7
32.9
31.8
31.9
32.8
32.5
30.6
30.8
31.1
30.6
30.7
30.1
31.6
33.2
30.5
28.7
31.1
32.4
32.2
30.9
31.0
30.8
31.1
31.5
30.4
32.0
33.8
32.8
29.4
28.3
30.2
30.0
29.8
32.5
33.5
32.8
32.4
28.7
28.8
30.1
31.0
31.3
28.1
30.2
32.4
33.3
31.6
28.6
30.3
31.0
31.8
29.1
28.9
32.2
31.8
28.1
28.3
31.8
29.5
28.9
32.2
32.2
26.3
31.4
32.4
33.0
30.6
30.9
31.4
30.2
30.1
31.3
29.9
29.8
32.4
34.0
32.9
32.5
26.2
30.4
30.8
32.6
28.0
29.4
30.1
33.3
33.0
32.6
28.4
29.9
31.5
30.4
27.7
29.8
30.4
32.3
31.3
27.7
29.7
31.1
31.3
29.8
31.0
33.8
29.6
29.6
32.0
33.9
31.2
33.4
32.7
28.9
31.9
30.6
30.5
31.6
32.8
33.1
31.2
30.2
30.5
32.8
33.2
29.7
30.3
30.3
31.5
30.0
29.0
32.1
34.1
34.0
31.2
27.4
29.6
31.5
29.9
28.2
31.0
31.6
28.5
28.3
29.6
32.3
31.9
26.9
29.9
31.3
32.8
28.3
29.3
32.6
34.0
34.3
32.0
26.9
29.7
31.8
30.2
29.8
32.3
32.2
30.0
30.1
30.4
31.2
31.5
30.9
28.8
29.2
30.6
31.8
32.3
30.9
31.3
32.7
34.2
32.0
28.1
30.1
31.6
33.0
29.0
31.1
31.6
31.0
27.7
34.3
32.1
28.5
29.5
31.0
32.1
30.0
29.7
32.7
33.5
30.1
31.4
34.3
33.4
28.8
28.1
31.5
29.4
31.5
31.3
30.2
30.5
31.6
120.6
911.9
912.8
913.5
913.3
910.6
910.9
910.4
911.6
910.9
911.1
909.2
910.7
910.3
907.2
908.1
906.2
907.0
910.6
907.3
906.4
907.4
905.2
909.6
905.0
909.3
906.5
906.3
908.1
904.5
909.6
906.3
908.0
908.0
908.4
916.8
934.3
930.6
934.7
936.8
932.8
934.7
935.2
937.4
934.7
935.7
934.2
935.3
938.8
934.6
934.7
934.4
933.5
930.3
935.3
938.2
937.3
939.4
940.9
936.6
937.3
940.1
938.0
920.6
908.5
910.4
910.8
910.3
907.6
909.0
909.9
908.5
910.8
910.5
910.2
908.0
906.7
910.6
911.0
910.6
909.9
911.7
911.7
910.3
907.6
908.8
909.8
909.3
911.0
911.1
910.8
911.0
910.4
910.5
908.3
908.3
910.4
908.9
908.4
910.5
910.6
910.1
921.5
935.8
937.2
938.7
938.9
934.8
935.2
935.7
934.8
935.1
936.0
937.6
938.7
938.0
935.0
936.3
937.2
935.6
936.5
936.9
935.3
934.7
936.6
933.4
934.7
935.4
938.2
935.6
921.2
909.9
911.5
909.1
906.0
909.5
907.1
908.0
910.6
908.1
907.2
909.0
910.6
908.9
908.4
910.3
909.9
908.3
910.7
910.2
910.9
908.5
905.9
910.3
910.8
910.7
907.5
905.6
908.9
905.9
909.5
908.4
905.6
909.7
910.8
909.1
933.5
934.1
935.2
932.5
933.9
934.7
933.0
937.7
931.4
932.8
934.1
936.7
932.4
931.7
935.2
935.9
931.4
933.1
934.6
933.6
934.9
936.1
933.7
935.8
937.4
935.1
934.9
935.4
935.6
929.9
909.7
907.2
774.5
30.8
29.0
29.4
33.2
35.0
33.1
26.2
29.0
30.5
32.0
27.5
30.1
30.9
30.3
30.5
30.3
31.5
29.5
30.5
29.6
31.0
31.7
28.9
29.3
30.8
32.3
30.5
29.6
31.2
34.5
33.8
27.3
28.2
30.2
31.4
30.9
30.9
31.0
32.9
32.4
30.5
30.6
31.6
32.4
31.4
29.8
29.9
32.6
32.2
30.8
30.4
33.2
34.8
32.7
26.8
31.8
30.5
31.2
30.3
30.6
32.9
32.5
29.3
30.1
29.8
30.8
30.5
31.1
30.6
30.1
29.7
31.0
31.2
30.7
30.6
33.3
34.1
28.6
28.6
30.2
31.5
29.9
30.6
31.4
30.9
29.8
30.8
30.3
31.9
30.6
30.3
30.6
29.7
30.4
29.7
31.2
31.8
31.4
33.6
29.9
29.5
30.6
32.2
31.6
30.1
30.3
31.3
32.1
30.7
30.9
30.5
30.6
32.3
32.7
28.9
30.7
32.8
31.9
29.5
30.1
32.8
32.1
30.2
33.0
34.9
34.3
27.9
28.7
30.9
32.1
31.2
30.9
31.4
31.1
31.3
31.4
31.1
30.3
31.3
32.0
29.7
29.9
29.3
31.1
31.3
29.6
30.5
33.3
33.5
29.3
28.8
30.5
29.7
29.9
30.3
29.8
30.0
30.3
29.5
30.1
30.4
30.9
30.6
30.0
31.8
31.3
29.9
30.9
33.2
32.3
32.7
32.7
30.0
30.8
31.6
32.7
29.6
30.7
32.0
32.6
31.3
31.0
31.7
32.3
32.4
32.0
30.1
31.9
30.5
32.1
30.6
30.1
32.5
34.9
34.0
30.1
29.6
30.9
32.2
28.9
30.7
30.3
30.6
30.9
29.5
28.9
30.7
30.8
29.8
28.9
32.2
31.6
29.4
29.4
31.5
32.6
30.8
30.0
32.5
34.6
29.7
28.6
29.4
30.6
31.6
30.4
30.6
30.3
31.5
32.1
30.6
29.6
30.2
31.4
33.0
32.0
29.1
30.2
31.1
33.6
30.4
31.5
33.0
32.6
29.8
30.9
32.0
31.1
30.8
30.5
31.5
32.4
30.8
30.3
29.7
31.0
31.9
31.7
31.5
31.9
31.8
30.3
31.6
32.1
31.2
30.9
34.3
35.0
30.7
28.2
29.4
30.9
30.4
30.2
30.9
31.5
31.8
31.8
28.7
29.6
30.8
32.6
30.4
27.7
30.7
30.9
31.4
29.7
30.6
33.7
33.3
30.6
28.8
30.1
30.8
28.7
31.2
30.5
30.0
31.6
30.4
30.4
31.1
31.0
31.8
31.5
31.7
32.0
30.6
30.1
32.0
32.1
32.0
31.3
30.4
34.0
35.5
32.9
27.6
30.2
31.1
32.4
30.5
32.1
32.0
32.3
32.4
31.1
31.2
31.9
32.3
32.0
31.1
29.9
31.4
31.4
31.7
30.1
33.0
35.6
33.9
28.6
30.3
31.0
31.8
30.0
31.0
31.8
32.4
30.5
30.3
31.2
32.0
31.5
29.4
31.4
33.8
31.7
29.8
30.4
32.6
33.9
30.9
30.2
34.2
35.0
28.5
30.1
30.2
31.6
31.4
30.3
32.1
33.0
32.7
30.8
30.9
30.6
32.8
32.2
30.6
30.7
31.2
31.6
32.0
30.1
31.2
33.9
34.6
31.9
27.7
31.8
30.6
32.4
30.8
29.0
31.3
34.1
32.1
27.9
29.4
30.5
33.2
31.7
29.6
31.1
30.9
31.6
31.2
31.1
31.8
32.2
34.4
34.1
28.9
30.9
30.5
30.8
31.3
30.6
31.1
32.4
33.1
32.8
29.1
30.8
31.0
33.1
32.8
29.0
31.1
29.5
32.8
31.3
29.6
31.2
33.9
35.2
32.8
28.5
30.3
31.5
30.4
30.4
31.6
30.8
31.0
31.5
29.5
29.4
31.3
30.6
28.7
29.8
31.0
32.3
30.8
29.1
30.3
31.6
31.7
28.8
30.6
31.3
35.1
33.3
27.3
28.7
29.6
30.6
29.6
29.9
31.4
32.4
31.4
30.4
30.6
30.9
30.7
32.7
31.3
30.2
28.6
30.9
29.9
31.7
30.7
29.7
30.5
34.6
34.2
31.0
26.5
30.7
30.4
32.1
29.0
29.9
30.8
32.9
29.5
28.6
29.7
31.4
30.4
28.7
29.6
32.0
32.9
27.9
29.4
30.3
33.1
30.5
29.6
30.4
32.9
33.3
28.9
29.9
31.8
29.3
30.0
29.9
32.2
31.1
31.2
30.4
29.8
30.8
31.9
31.4
29.7
30.1
30.4
31.0
31.0
29.1
31.0
30.3
32.7
34.5
32.8
28.1
29.5
30.5
32.0
29.2
30.0
30.7
31.2
30.0
30.6
30.9
30.4
29.1
30.6
30.5
30.1
30.2
32.7
29.8
29.3
31.1
29.7
30.5
32.3
31.7
28.2
32.2
35.0
33.4
26.8
29.3
29.2
31.8
29.1
31.0
30.3
31.6
30.7
31.5
31.4
30.0
30.2
30.3
31.5
31.3
29.9
30.0
29.6
30.9
30.9
30.4
29.5
30.7
34.0
33.9
30.3
27.7
29.8
32.3
31.0
28.5
29.7
30.9
31.7
29.8
29.4
30.8
31.3
29.5
29.3
31.8
30.9
29.0
30.1
33.2
29.1
29.8
30.5
31.0
31.5
29.1
30.6
33.2
34.0
27.7
29.1
30.3
32.2
30.4
30.3
30.9
31.2
31.9
33.3
31.4
29.5
30.0
33.1
34.0
29.0
30.2
30.6
29.9
30.2
31.0
30.5
29.6
30.0
33.7
34.5
31.2
27.1
29.0
31.7
30.6
28.6
30.1
30.5
31.5
30.9
29.3
29.3
31.8
29.8
28.8
29.8
30.7
31.4
30.3
30.4
30.2
29.6
31.6
32.0
29.7
30.5
33.8
34.2
30.5
25.9
30.1
30.4
31.7
28.6
29.7
30.6
31.7
31.7
30.8
29.6
30.0
31.1
31.8
30.1
29.4
30.5
30.1
31.3
31.0
29.3
29.5
31.3
31.4
32.7
33.1
28.6
29.8
32.3
31.5
29.3
30.0
32.0
30.9
30.2
31.6
32.4
29.7
29.5
30.8
32.3
30.6
29.8
31.2
31.5
32.1
31.2
30.1
30.3
29.8
30.9
31.0
31.8
29.8
32.3
33.2
27.6
29.9
30.2
32.5
30.1
28.6
29.7
31.3
31.3
30.4
30.5
31.5
29.9
29.5
31.7
32.4
28.2
29.3
29.8
29.7
31.7
29.6
31.0
27.8
32.0
32.9
33.8
27.5
28.6
31.7
31.4
29.5
29.8
29.3
29.9
29.4
30.7
30.7
30.5
29.7
29.2
30.3
29.3
30.8
30.9
30.4
29.2
30.3
29.9
29.8
30.6
30.8
32.2
31.5
30.4
32.4
34.8
33.6
26.9
29.6
30.3
32.4
30.5
28.9
30.4
31.8
30.2
30.7
31.6
32.7
29.1
28.6
30.4
32.4
29.9
29.2
29.5
29.7
31.2
30.4
29.3
29.8
30.5
30.4
32.4
32.6
28.1
29.3
29.9
31.4
29.5
29.8
29.6
29.4
30.8
29.7
30.7
30.6
29.1
29.8
31.4
30.7
29.5
29.5
29.8
30.3
32.0
30.2
29.4
28.8
30.4
31.4
29.9
29.4
31.7
32.0
30.1
31.0
31.7
30.6
28.9
30.8
31.3
30.8
29.6
31.1
31.7
29.7
30.8
31.8
32.1
31.9
30.7
30.6
31.7
33.3
29.8
29.8
30.2
31.8
29.7
30.4
30.2
30.2
31.0
31.7
33.2
28.8
29.0
30.2
31.0
31.6
29.0
28.5
29.8
31.3
29.7
30.4
29.3
31.4
31.4
29.5
29.6
30.7
29.8
29.7
30.7
30.9
30.7
29.6
28.8
30.6
30.2
31.5
30.5
30.6
30.7
32.6
32.2
27.2
30.0
29.7
32.3
30.1
28.0
28.7
30.6
30.4
30.9
30.1
31.2
31.1
30.1
32.2
32.0
31.6
29.7
30.4
30.8
30.8
31.1
30.4
31.1
31.5
31.2
31.8
33.3
32.5
29.2
31.4
30.6
29.9
30.1
29.2
29.9
30.3
29.8
30.6
31.6
30.9
29.9
29.9
30.1
29.9
29.9
30.6
30.0
29.5
30.6
31.8
28.9
29.7
29.1
30.1
31.9
30.2
30.0
29.5
30.9
32.6
33.1
27.8
28.8
29.5
30.9
30.6
29.4
28.6
30.3
30.5
29.5
30.3
30.6
32.2
29.1
29.5
29.8
31.8
30.4
29.0
28.4
29.5
31.3
32.2
29.7
30.5
30.8
30.7
32.6
33.8
31.0
28.8
29.9
30.5
30.5
30.3
29.3
30.9
30.5
31.0
29.9
29.6
29.9
31.9
31.1
28.9
28.7
30.1
30.4
30.4
29.4
31.8
30.5
29.1
29.4
30.0
29.5
31.6
30.5
29.3
29.9
31.0
32.6
32.0
26.9
28.8
29.9
31.7
29.8
28.4
28.4
29.5
30.6
30.0
30.2
30.6
30.6
30.1
30.6
29.7
30.9
29.8
31.1
28.4
29.5
30.6
30.7
29.6
29.1
31.4
30.9
31.0
30.1
30.2
33.5
34.7
29.2
28.3
30.1
30.7
30.9
29.0
30.5
29.9
31.4
31.5
30.4
29.7
31.0
30.9
31.5
28.7
29.5
30.1
30.7
30.1
30.1
29.9
31.0
29.5
29.6
29.8
29.9
29.7
30.9
30.1
31.5
29.5
31.8
32.9
29.9
28.3
28.4
30.7
31.2
28.4
28.7
29.3
29.7
30.8
30.3
29.8
31.0
30.9
30.7
29.7
29.5
30.8
32.7
30.7
28.8
28.9
30.9
31.1
28.7
29.8
29.7
31.3
30.7
29.2
31.7
34.2
33.2
28.2
28.9
29.7
31.5
31.2
30.2
29.3
30.2
31.0
31.0
30.7
31.0
30.1
31.1
32.4
31.1
28.6
29.4
30.7
31.0
28.7
29.1
30.5
32.3
31.8
27.7
29.7
29.2
30.4
30.4
30.1
29.8
30.6
31.7
31.3
30.4
29.3
29.6
31.4
31.4
28.7
30.8
30.4
30.1
30.3
31.2
30.4
29.5
31.4
31.5
32.5
30.4
30.1
31.1
31.3
33.1
29.6
28.9
30.1
31.4
32.3
29.6
29.4
31.7
30.9
30.2
30.0
31.6
33.8
33.5
27.9
28.5
30.2
31.1
31.9
29.0
29.8
30.2
31.2
31.3
31.4
30.4
29.5
31.1
32.2
28.4
29.4
30.5
30.3
29.5
29.4
30.1
31.9
30.7
28.8
27.6
31.1
30.6
30.1
30.1
30.8
31.8
30.2
31.4
33.4
32.6
26.1
29.0
28.8
30.6
30.4
28.2
28.8
29.2
30.4
30.5
30.2
29.0
30.8
31.9
31.4
28.1
29.9
30.5
31.0
30.2
28.1
29.5
31.4
31.1
28.3
28.7
29.3
30.2
30.1
30.4
28.7
29.8
30.9
34.5
31.6
25.9
29.0
29.0
31.3
28.8
28.7
29.1
30.4
29.1
29.5
29.8
30.8
29.6
30.6
31.4
30.4
29.8
29.2
28.5
30.7
29.3
30.0
28.4
32.1
31.5
27.9
29.3
28.9
29.9
29.4
30.3
31.9
30.0
28.9
30.7
32.1
32.7
28.0
28.7
29.3
30.0
30.3
28.1
28.7
29.3
29.8
29.7
29.8
29.7
31.1
31.2
29.5
30.6
30.9
29.2
29.9
30.9
30.7
28.3
29.2
30.3
32.7
28.5
29.7
29.6
31.0
30.9
30.0
30.0
31.8
33.8
31.6
28.8
29.9
30.2
32.3
30.4
30.1
30.4
30.5
29.1
29.0
29.5
30.6
30.4
29.6
29.0
30.6
30.0
29.7
29.9
29.7
29.4
29.6
30.2
29.6
31.3
30.5
28.0
29.5
29.3
29.5
30.4
29.2
30.6
30.3
30.5
30.9
32.3
31.9
27.5
28.7
30.0
30.1
30.5
28.8
28.3
29.4
28.3
30.2
29.3
30.1
30.2
31.3
31.1
29.8
29.1
30.4
31.3
31.3
29.5
28.7
28.5
31.1
30.7
29.3
28.4
30.3
30.9
31.2
30.3
29.4
32.1
33.2
31.2
29.0
29.9
30.6
30.3
30.2
29.7
29.8
30.6
30.2
30.6
31.7
31.3
29.9
29.2
29.7
30.1
29.4
29.4
29.3
29.2
29.1
30.7
31.0
30.3
30.7
27.9
29.2
30.0
29.0
29.7
31.0
30.6
29.3
30.4
31.5
32.4
29.3
28.0
28.5
30.4
30.6
29.3
30.2
29.7
28.7
29.0
29.4
29.2
30.2
29.2
29.6
30.4
32.4
31.1
29.0
28.8
29.6
31.6
31.1
29.8
28.6
29.7
32.2
31.1
29.7
29.6
30.0
31.2
31.5
29.6
30.1
33.0
33.8
30.0
28.4
29.8
30.3
30.1
30.4
29.4
29.8
30.1
28.8
29.0
31.2
30.6
29.1
29.6
29.7
30.1
29.4
28.7
29.3
29.6
30.6
31.5
30.8
30.9
30.8
29.9
29.5
31.6
30.9
30.6
31.1
30.8
32.6
30.0
31.4
33.2
30.1
29.0
30.7
30.7
31.3
29.1
29.5
29.1
30.0
32.3
29.0
30.1
30.6
32.9
32.3
29.6
29.3
30.1
32.0
33.2
30.2
30.4
30.0
32.1
32.1
29.4
30.0
30.3
29.3
31.6
29.4
31.0
31.3
30.6
32.9
31.0
29.7
30.0
30.6
30.7
30.3
29.4
29.6
30.2
30.3
31.5
30.6
29.7
30.7
31.7
31.0
31.0
30.9
30.4
30.0
30.2
29.9
30.9
31.1
31.1
32.3
29.2
29.1
29.9
30.7
30.5
30.5
31.0
31.4
31.8
30.9
32.0
31.2
30.8
29.5
29.9
30.8
29.4
32.1
28.3
31.8
30.1
29.5
30.6
30.6
33.2
31.8
29.7
30.0
31.4
30.6
32.3
30.9
30.8
29.9
30.2
30.4
31.2
30.0
29.9
30.2
31.6
30.3
30.8
31.1
30.8
33.8
32.6
27.4
29.2
29.4
31.3
31.1
29.4
30.3
29.7
30.6
30.4
30.2
32.2
31.1
30.2
30.1
32.2
30.7
30.8
29.9
29.7
31.0
29.9
30.5
30.6
32.2
31.8
28.5
29.6
30.3
31.3
30.2
31.5
30.6
30.9
30.8
31.6
32.3
31.5
29.1
29.6
30.4
30.6
31.7
30.4
29.1
29.6
28.8
30.6
31.6
30.6
30.4
31.3
31.5
32.5
30.4
29.6
29.7
32.5
33.6
29.5
29.9
30.3
31.0
31.5
29.8
29.8
29.0
30.7
31.0
30.6
30.0
31.9
33.2
31.2
28.3
29.6
30.3
30.2
30.2
30.5
30.1
29.6
30.4
30.5
30.6
31.5
31.4
30.5
31.3
31.6
30.5
30.2
30.6
29.7
31.3
30.2
30.7
31.2
29.8
30.5
30.2
29.8
30.9
30.2
31.4
31.1
31.3
30.2
31.9
32.8
28.7
29.1
30.6
30.2
32.0
30.6
29.2
28.8
30.3
29.8
30.3
30.1
30.9
30.9
32.8
32.4
30.1
29.6
30.0
32.7
32.5
30.2
29.3
29.7
30.4
30.7
32.7
29.1
29.7
30.4
28.7
31.6
31.3
29.9
30.0
32.4
32.5
31.4
28.1
30.2
30.1
30.4
30.5
29.8
29.7
29.8
30.6
30.1
30.1
31.8
30.4
30.8
30.6
31.2
30.2
30.0
31.1
29.2
31.7
30.0
30.2
31.1
31.2
29.5
28.3
31.3
30.4
30.2
30.6
30.9
31.8
31.1
30.6
32.4
31.3
29.1
29.1
30.9
30.0
31.4
28.5
30.3
30.1
29.9
30.4
31.1
31.0
31.2
31.6
32.0
30.7
31.0
30.4
32.1
32.1
30.2
29.8
31.1
31.3
31.5
31.1
28.3
29.9
30.8
30.9
30.6
29.6
30.9
31.9
34.3
28.5
30.3
30.1
31.2
30.5
29.1
29.2
29.7
29.5
30.8
30.3
29.7
31.0
30.8
30.2
32.0
32.1
29.4
30.2
30.4
30.7
30.1
30.7
30.9
31.5
32.7
29.6
29.4
29.9
30.9
29.9
30.7
31.0
30.8
32.4
30.2
31.1
31.9
33.5
30.1
27.9
30.8
30.9
31.5
28.9
28.9
29.4
31.0
29.6
30.3
29.4
30.7
32.7
33.0
29.4
29.6
30.5
31.9
32.0
30.9
30.0
31.3
30.4
30.7
31.1
30.5
28.6
30.6
30.0
31.7
31.5
30.7
29.4
32.8
33.8
30.6
28.5
29.7
31.3
30.4
30.0
30.3
29.3
30.5
30.2
30.2
30.2
31.8
29.9
29.9
31.4
33.0
30.2
29.0
30.1
30.5
29.7
31.4
30.8
31.1
31.1
30.8
29.1
30.4
29.8
31.0
30.4
31.7
31.7
31.4
31.1
30.3
32.3
32.6
29.2
29.3
30.1
31.0
31.7
29.1
29.6
29.5
30.2
30.1
31.1
29.6
31.2
32.0
33.1
29.3
30.3
30.4
31.3
31.7
30.8
30.8
30.2
30.8
31.7
30.7
29.2
30.4
30.5
30.9
31.6
29.8
30.4
31.5
33.3
33.7
28.0
29.2
30.3
32.5
31.2
28.8
30.5
29.5
30.0
30.1
30.0
31.2
31.2
30.7
30.6
31.3
31.1
30.0
30.5
30.1
30.0
29.6
30.4
30.7
31.8
30.5
28.9
30.4
29.8
29.6
31.5
30.1
32.0
32.7
29.8
29.6
32.2
34.1
29.6
27.4
30.5
30.1
30.8
28.9
29.4
29.9
29.5
29.6
31.3
29.7
30.2
32.1
33.6
30.3
30.0
30.1
31.1
31.6
31.5
30.7
30.0
30.0
30.6
31.5
30.1
29.0
28.6
29.8
30.7
33.8
30.0
29.2
31.1
33.2
29.5
30.1
29.7
31.5
30.9
30.5
29.4
29.7
30.2
31.1
29.5
31.5
32.0
29.7
30.9
30.8
31.4
30.6
29.8
30.2
30.4
30.7
30.5
30.6
32.1
31.5
29.3
29.6
30.8
30.6
29.6
30.4
31.7
30.5
30.9
29.7
31.9
32.9
32.4
29.0
29.4
29.9
31.1
31.3
30.0
29.1
29.6
30.0
30.6
30.7
30.5
30.7
32.3
33.2
30.5
30.4
32.1
30.9
30.0
30.5
33.1
33.4
28.7
29.9
30.2
31.6
29.6
29.6
30.4
29.2
30.9
31.5
30.6
29.6
31.2
33.9
31.1
29.2
30.1
30.7
31.7
29.9
29.6
30.1
30.2
30.4
30.7
29.8
31.2
30.3
31.2
30.7
30.4
30.4
30.5
30.1
29.8
30.8
30.3
30.8
32.2
31.0
29.5
29.2
29.7
31.5
30.9
30.3
31.1
32.3
31.8
29.9
31.6
31.0
30.6
28.9
30.9
31.1
31.2
30.5
30.5
29.4
28.7
30.7
32.0
29.9
29.8
30.8
31.6
32.4
32.5
31.4
29.8
30.5
30.5
32.1
32.6
31.1
30.1
29.5
31.3
31.3
31.1
29.8
30.4
30.0
30.1
30.9
30.6
29.8
30.9
32.4
32.7
29.5
29.1
29.2
29.5
30.3
30.5
28.9
30.2
30.0
29.8
30.2
30.5
31.1
33.5
29.9
30.2
29.8
30.8
30.3
30.9
30.3
30.4
30.4
31.5
30.9
31.4
30.6
30.9
29.8
30.5
30.1
30.7
31.2
30.9
31.5
30.4
30.7
31.6
33.2
31.2
28.9
29.0
30.9
31.8
29.9
29.1
29.7
29.6
29.5
30.1
30.3
30.1
30.7
31.1
33.0
33.3
30.6
30.3
30.4
30.4
31.1
32.8
31.7
30.3
30.2
29.9
30.9
30.8
30.1
29.9
31.0
30.4
31.5
30.0
30.2
33.3
33.6
30.7
27.1
30.8
30.3
30.3
30.7
29.9
29.5
30.3
30.2
29.9
30.4
30.7
30.4
31.4
31.5
30.7
31.8
30.3
30.0
29.7
30.5
31.1
29.6
31.6
31.3
30.8
29.5
29.7
30.0
30.9
30.7
30.6
30.8
31.8
30.6
31.1
32.1
33.1
29.7
29.0
28.5
30.4
32.1
31.3
29.3
29.3
28.7
30.0
30.4
30.2
30.9
32.3
32.2
30.6
29.8
31.0
30.6
30.8
31.6
32.2
31.5
29.7
30.8
31.6
30.3
30.3
30.2
30.1
31.3
31.6
28.9
31.5
32.6
33.7
27.8
30.1
29.7
32.8
29.0
31.1
29.5
29.3
30.0
30.3
31.1
30.4
31.7
31.6
31.6
30.4
30.5
31.4
31.2
29.5
29.7
30.8
30.1
31.0
31.3
31.1
31.2
29.6
29.6
30.3
31.6
30.5
30.4
31.2
32.0
31.3
30.8
31.5
33.2
31.9
29.2
29.5
31.0
31.5
31.5
30.5
29.1
30.3
30.3
30.4
30.8
29.9
30.6
31.6
32.8
31.2
30.3
30.7
32.0
32.3
31.2
30.4
29.4
30.9
31.7
31.6
30.2
28.8
30.5
31.1
31.2
30.6
30.2
31.1
33.9
32.6
29.9
30.4
29.3
31.8
29.7
31.6
30.5
29.4
29.6
29.9
30.8
31.2
30.9
31.4
31.0
30.4
30.0
31.7
30.7
30.7
29.7
31.1
31.3
31.8
30.5
31.6
30.6
29.5
30.2
31.1
30.3
30.7
30.7
32.2
31.1
30.8
30.8
32.8
33.5
27.9
30.4
30.3
31.7
31.6
28.7
29.2
30.1
29.1
30.6
30.7
30.1
29.7
32.0
33.6
31.3
29.9
31.1
31.1
30.5
29.5
31.6
32.7
32.5
29.0
30.3
30.8
31.8
29.1
30.5
30.9
31.5
31.1
30.3
30.6
32.4
33.7
31.3
28.9
30.0
30.5
30.5
30.7
30.1
30.1
29.9
30.8
30.1
30.3
31.4
30.4
31.3
29.9
30.2
31.2
30.6
30.2
30.0
31.4
30.0
31.6
30.5
32.6
31.1
29.5
30.1
31.1
30.5
31.0
30.7
31.4
31.5
32.0
30.6
32.7
33.4
31.2
29.4
29.9
30.7
31.3
32.2
30.6
29.4
29.2
29.8
30.7
30.7
30.6
29.6
30.5
32.0
32.5
31.7
31.3
29.6
29.9
32.4
33.9
30.5
29.2
30.2
31.1
31.9
30.4
30.1
29.2
30.2
31.2
29.0
32.8
30.2
31.2
33.6
33.5
29.8
27.8
30.4
31.7
31.3
30.6
30.0
30.9
29.9
30.3
30.2
31.2
30.7
32.0
31.0
30.8
30.6
31.6
31.4
30.7
30.6
31.5
30.5
31.4
30.1
30.0
33.0
32.5
30.1
29.9
30.5
30.6
31.0
30.9
31.6
31.9
31.5
30.7
32.6
33.4
30.8
29.5
29.7
30.4
32.2
33.5
29.2
28.0
28.5
30.9
31.3
31.3
29.9
31.8
33.0
32.3
30.4
30.6
30.9
32.1
31.9
31.3
30.1
30.2
30.6
32.5
30.3
30.0
30.3
30.9
31.3
30.9
30.4
30.8
32.9
34.2
30.3
29.0
29.9
29.4
30.1
31.4
30.6
30.6
29.8
29.6
30.4
31.4
30.1
32.0
30.5
30.8
30.0
30.8
30.6
30.2
30.9
30.9
28.9
31.6
34.1
32.1
28.9
30.5
31.3
30.7
31.6
30.8
31.7
32.3
31.5
31.2
32.4
33.4
31.2
30.5
30.4
31.0
31.3
32.0
30.5
30.7
29.4
31.2
31.3
30.3
30.8
31.6
31.5
32.0
30.5
30.3
32.4
31.5
30.9
30.6
30.1
32.3
32.2
29.7
29.7
30.2
31.3
32.0
30.4
31.6
31.5
33.3
32.9
28.7
30.0
30.1
31.3
31.6
30.8
30.9
30.0
30.5
31.1
31.1
31.3
31.1
31.1
30.1
31.8
31.8
30.9
31.0
31.0
30.6
31.6
30.9
32.2
32.9
30.9
29.5
30.8
30.8
31.1
31.8
31.4
32.4
30.4
32.0
31.6
32.6
32.8
29.5
30.2
30.8
31.8
32.3
32.0
30.0
29.5
29.0
30.9
31.7
30.5
31.0
31.8
32.6
33.1
30.7
30.6
30.9
31.7
32.7
33.0
30.2
30.2
30.9
31.5
31.7
30.3
30.1
31.3
32.1
30.6
29.1
33.6
35.9
33.4
27.3
28.4
29.6
31.6
32.5
30.7
30.7
31.1
30.4
30.7
30.8
31.5
29.3
32.8
32.4
30.3
29.6
29.4
31.0
31.9
32.0
30.9
29.9
31.8
31.4
31.1
30.4
31.0
30.9
32.1
31.3
30.5
31.0
31.8
33.6
34.0
30.7
28.8
29.7
31.4
33.0
32.0
29.3
29.7
31.1
31.3
31.2
31.4
32.0
33.3
32.2
30.6
30.6
32.3
33.2
30.4
30.3
30.2
32.1
30.5
31.0
31.4
31.8
31.5
30.9
30.8
32.1
34.1
33.7
27.7
30.1
30.0
32.1
33.4
31.1
29.9
31.1
31.6
31.7
30.6
30.5
32.4
32.4
30.6
30.0
31.7
32.9
31.7
29.9
31.7
32.8
30.3
30.8
33.1
33.7
29.6
32.3
30.9
30.9
32.1
32.9
30.8
32.2
31.6
31.9
32.6
32.6
32.1
30.2
31.1
32.0
33.3
29.6
30.2
30.6
29.9
32.4
32.3
30.8
31.3
32.3
32.1
32.7
31.4
31.1
31.2
32.7
32.9
30.8
30.8
30.8
33.6
30.2
31.4
30.2
33.6
31.5
30.0
31.5
31.1
32.7
33.2
33.8
31.1
30.4
30.6
31.6
32.9
31.5
31.6
31.4
30.9
32.1
31.2
31.5
31.5
31.8
31.3
31.0
31.9
31.7
31.0
31.2
31.6
31.8
31.1
32.0
32.1
32.7
31.5
30.7
30.7
31.7
32.1
33.3
31.7
31.4
31.8
33.2
33.3
33.1
31.5
30.6
31.5
32.3
31.3
31.2
30.9
31.7
31.4
31.0
32.5
33.3
31.4
31.5
32.9
34.2
33.0
29.3
30.7
31.5
34.1
31.7
30.3
31.0
32.3
31.2
32.8
30.9
30.1
31.8
32.1
31.4
32.0
33.8
33.6
29.5
30.6
31.7
31.7
32.5
31.9
31.2
30.8
31.9
31.9
31.9
32.5
31.6
31.0
31.3
32.0
32.0
31.4
30.5
31.6
31.8
32.1
34.4
29.9
30.6
31.3
33.3
31.8
32.2
32.0
32.9
32.9
33.8
33.3
30.2
31.0
30.8
34.0
32.0
30.6
31.3
32.7
32.9
32.9
33.6
31.9
30.0
31.9
33.4
33.1
28.7
31.8
32.9
32.1
30.5
31.4
32.7
31.3
31.2
32.4
34.4
33.9
30.1
32.0
31.3
31.8
32.0
31.9
31.8
31.3
32.8
32.4
30.5
31.1
31.3
32.6
30.6
30.5
32.4
34.1
32.0
30.8
31.6
32.8
32.1
31.6
31.6
32.7
33.7
34.8
32.5
30.8
30.8
32.5
34.5
30.2
30.5
30.6
31.5
32.9
33.3
34.3
31.3
30.1
32.2
33.5
33.2
31.2
31.1
31.4
33.0
32.0
30.5
31.0
33.3
35.8
34.5
31.9
30.1
30.7
32.0
32.6
31.4
31.6
32.3
32.0
31.8
32.7
32.7
31.2
31.1
31.4
33.2
31.7
30.4
32.4
33.8
31.2
30.4
32.6
32.8
32.8
30.7
32.3
34.5
34.5
30.4
30.8
32.4
34.5
30.7
30.7
32.3
33.0
34.5
31.5
31.9
33.5
32.1
30.6
33.3
34.4
32.3
30.1
32.2
32.4
33.4
30.8
30.2
34.1
35.6
35.1
32.0
29.7
31.2
31.9
32.7
32.1
30.9
31.5
32.0
33.5
33.0
29.9
31.3
31.0
32.3
33.2
32.3
30.8
31.6
33.8
33.6
30.1
33.6
35.8
35.2
29.9
29.6
32.0
33.6
33.3
31.9
31.8
33.0
34.9
33.8
30.3
31.6
33.9
35.3
31.6
28.8
32.4
33.8
34.9
31.4
30.7
33.8
34.4
32.3
29.0
33.2
33.3
32.2
30.7
32.7
33.0
32.7
29.3
32.1
32.9
32.4
33.3
31.9
30.4
32.8
34.9
30.9
31.3
34.7
36.5
34.0
29.4
31.2
32.6
31.3
33.7
36.0
33.5
32.0
31.1
32.8
34.4
34.0
31.2
31.0
33.0
34.0
31.4
31.8
34.5
35.3
34.8
32.5
30.3
31.4
33.2
32.7
30.1
33.6
34.2
32.0
29.3
31.7
33.5
32.9
32.0
31.7
31.5
33.0
34.1
34.6
33.8
29.4
32.4
33.8
34.0
32.4
32.9
33.1
34.5
35.4
34.5
30.2
31.1
33.0
34.2
31.8
29.3
32.8
35.4
35.7
34.6
31.7
30.4
32.8
33.9
31.7
30.6
33.0
33.9
32.2
29.9
31.9
32.6
34.2
31.4
31.7
32.0
34.1
33.2
32.2
34.2
33.5
31.3
33.0
32.3
32.8
33.5
34.2
34.3
35.2
33.7
31.1
32.0
34.4
33.5
29.3
31.2
34.1
35.9
35.0
34.0
31.0
31.2
31.9
31.4
31.8
33.5
32.5
30.7
29.8
32.9
34.5
32.8
30.0
32.5
33.3
33.8
34.2
32.5
30.7
32.8
33.8
32.3
33.1
33.5
34.2
34.5
32.4
30.7
31.9
33.3
33.1
33.0
32.6
32.8
34.8
34.7
32.0
29.5
32.8
32.7
32.6
32.2
30.7
32.3
32.8
31.8
32.7
33.3
32.9
30.0
32.4
34.9
35.7
33.9
31.0
30.9
31.4
34.3
35.2
35.0
32.5
30.2
32.9
33.7
33.0
31.1
32.3
35.4
36.0
35.0
31.7
29.5
32.1
32.9
30.1
32.3
34.2
33.9
30.3
32.3
33.9
35.6
35.6
32.9
29.0
32.2
33.1
35.3
35.1
35.4
33.8
29.7
30.7
33.0
34.9
34.5
34.0
34.5
34.1
30.2
31.0
31.7
32.9
31.9
29.8
32.1
34.8
33.7
27.9
32.4
35.7
36.3
33.8
28.3
32.1
32.8
35.1
35.2
34.6
34.1
33.4
28.1
31.3
34.8
35.8
35.1
32.6
29.2
31.8
32.8
32.3
31.3
30.2
34.1
34.1
30.6
30.9
35.3
35.9
33.5
30.1
32.6
33.1
34.5
34.9
34.1
33.4
29.1
31.4
33.0
35.7
35.2
34.8
31.8
29.1
31.0
33.6
34.1
30.9
28.8
32.8
34.9
33.7
31.1
32.1
35.6
34.3
31.8
31.2
32.8
35.4
35.6
35.0
34.0
29.7
30.2
33.6
35.2
34.8
34.7
33.0
31.3
30.5
32.2
33.2
31.5
29.8
31.6
33.6
34.4
29.9
31.2
34.8
36.2
33.8
30.6
31.7
32.1
34.9
34.9
34.4
33.8
30.0
30.1
33.3
35.9
36.0
34.6
31.7
29.3
31.6
33.0
33.0
31.6
29.2
33.1
34.5
33.3
29.2
33.9
35.9
34.8
32.0
29.9
33.6
35.2
34.5
32.9
31.7
31.0
32.1
34.0
34.1
33.9
32.7
32.0
31.0
32.5
32.4
32.6
33.2
31.6
31.0
30.7
33.4
34.3
30.7
30.4
34.2
36.0
35.6
32.9
30.1
32.4
33.9
34.6
32.8
31.2
32.1
33.6
31.3
31.0
35.1
36.0
35.4
33.0
28.9
31.6
31.5
32.9
32.9
29.6
33.4
34.6
32.8
32.9
34.5
32.6
29.6
32.7
33.7
34.9
34.6
34.4
34.4
34.0
30.5
30.6
33.4
35.4
35.3
34.1
31.5
31.2
32.2
32.7
32.4
30.6
32.6
34.9
32.6
29.1
34.0
36.7
35.0
32.0
31.9
33.0
35.4
34.2
33.7
34.0
30.1
30.5
33.9
34.8
35.9
34.7
32.4
29.5
31.2
32.2
32.5
31.1
32.8
34.5
32.2
31.0
35.1
35.9
33.5
30.9
32.2
33.8
34.6
34.0
31.9
31.2
33.5
33.9
33.1
32.5
33.9
33.6
32.6
29.5
32.3
33.8
31.7
30.1
31.5
33.6
34.4
32.1
29.7
34.3
36.4
35.0
31.7
28.9
32.9
35.6
35.7
34.9
33.2
29.6
30.9
33.8
35.7
35.4
34.2
32.6
29.6
31.0
32.4
32.2
31.7
31.6
34.4
34.1
29.8
32.7
35.7
35.0
34.1
31.2
31.9
33.6
34.8
34.2
33.9
32.4
28.7
34.2
35.6
35.3
33.2
31.4
29.4
32.3
32.6
32.3
32.5
33.2
33.0
33.5
35.4
34.4
30.0
32.3
33.4
34.4
34.8
34.4
33.9
30.5
30.4
33.3
35.8
36.0
34.0
30.9
30.3
30.9
32.1
32.2
32.3
33.4
31.1
34.5
35.8
33.8
32.2
31.3
32.9
35.4
34.4
33.3
33.0
29.3
32.2
34.9
35.7
34.9
33.2
28.5
31.4
33.1
33.8
28.9
30.3
34.5
34.5
31.1
31.3
35.9
36.0
33.6
30.7
31.7
33.3
34.7
34.5
34.1
33.6
30.2
30.8
34.8
35.7
35.6
32.9
28.6
31.3
31.1
31.7
32.1
32.5
33.3
33.1
31.5
33.7
35.5
34.1
32.3
31.0
32.5
33.3
35.1
34.2
33.9
33.4
29.6
31.8
35.0
34.9
35.1
33.9
28.9
30.8
31.3
31.8
32.2
34.5
33.9
30.0
31.9
35.2
35.7
34.0
31.5
32.1
33.2
33.7
33.3
32.7
31.1
32.0
33.7
33.5
32.5
33.8
35.2
34.2
33.7
30.8
31.2
30.9
32.1
33.1
33.3
32.7
31.9
32.2
35.2
35.1
34.0
31.1
31.5
32.6
34.5
34.6
33.9
34.3
32.0
28.5
34.1
35.7
36.5
33.9
31.5
29.1
30.9
31.3
33.2
33.0
33.5
32.4
31.4
35.3
35.6
34.6
31.8
31.5
32.7
33.4
34.9
34.5
33.8
30.7
30.7
35.5
36.3
35.3
33.2
28.4
30.6
31.3
33.0
33.2
32.6
31.0
33.0
35.8
35.5
34.6
33.2
30.7
44.7
45.0
40.2
39.6
40.0
32.0
16.8
16.9
17.0
17.3
17.8
18.0
18.3
18.4
17.0
16.3
16.3
16.3
16.3
16.2
8.1
5.6
5.7
5.6
5.6
5.6
5.6
7.3
8.9
8.8
8.8
8.9
8.8
8.8
8.9
8.8
8.8
8.8
8.8
8.8
8.8
8.8
8.8
8.9
8.9
8.9
8.8
8.8
8.8
8.8
8.8
8.8
8.8
6.2
5.5
5.6
5.5
5.6
5.5
5.5
5.6
23.5
30.0
35.8
38.1
39.6
40.1
39.9
40.3
40.0
39.8
39.9
39.8
39.5
39.8
39.8
39.4
39.8
40.0
39.9
40.0
39.7
39.9
40.2
39.9
39.3
39.4
39.4
39.6
39.8
39.4
39.5
39.6
39.8
39.6
39.5
39.8
39.7
39.4
39.4
39.4
39.3
39.6
40.0
39.8
40.1
39.9
39.5
40.0
39.3
39.8
39.9
39.9
39.6
39.9
39.8
39.7
39.4
39.6
39.5
39.7
39.5
39.4
39.4
39.7
39.7
39.9
39.4
39.8
39.7
39.3
39.6
40.0
40.0
39.9
39.9
39.8
39.9
39.8
40.0
39.5
39.4
39.7
39.7
39.4
39.7
39.7
39.9
39.9
39.2
39.5
39.8
40.1
39.8
39.4
39.5
39.9
39.3
39.8
39.8
39.7
39.6
39.6
39.3
39.6
39.7
39.2
39.5
39.8
39.2
39.4
39.2
39.2
39.3
39.9
39.7
39.6
39.4
39.5
39.8
40.0
39.6
39.7
39.8
39.5
39.4
40.0
39.6
39.7
39.7
39.6
40.0
39.4
39.7
39.2
39.3
39.7
39.1
39.3
39.5
39.6
39.3
39.8
39.7
39.8
39.9
39.4
39.3
39.7
39.8
39.6
39.5
39.5
39.3
39.2
39.3
39.8
39.8
39.7
39.4
39.8
39.8
39.8
39.7
39.6
39.4
39.3
39.7
39.5
39.8
39.6
39.3
39.7
39.7
39.5
39.6
39.5
39.2
39.4
39.4
39.4
39.6
39.5
39.7
39.7
39.9
39.8
39.7
39.3
39.3
39.4
39.7
39.7
39.4
39.6
39.2
39.6
39.6
39.7
39.4
39.7
39.8
39.2
39.5
39.7
39.6
39.7
39.6
39.5
39.4
39.7
39.4
39.7
39.3
39.3
39.4
39.7
39.6
39.7
39.6
39.7
39.5
39.5
39.6
39.2
39.6
39.6
39.3
39.7
39.5
39.6
39.3
39.3
39.7
39.6
39.2
39.2
39.1
39.3
39.2
39.2
39.4
39.3
39.3
39.6
39.7
39.5
39.7
39.2
39.6
39.5
39.5
39.4
39.6
39.0
39.4
39.2
39.2
39.7
39.8
39.8
39.4
39.5
39.4
39.2
39.2
39.4
39.2
39.2
39.3
39.5
39.7
39.6
39.2
39.4
39.7
39.7
39.3
39.4
39.6
39.7
39.7
39.5
39.5
39.6
39.4
39.3
39.2
39.3
39.7
39.3
39.2
39.2
39.2
39.3
39.5
39.7
39.6
39.7
39.8
39.6
39.4
39.4
39.6
39.6
39.7
39.5
39.6
39.3
39.1
39.2
39.6
39.4
39.2
39.2
39.1
39.1
39.3
39.6
39.3
39.5
39.5
39.5
39.7
39.5
39.1
39.0
39.1
39.5
39.5
39.7
39.3
39.2
39.8
39.6
39.7
39.7
39.7
39.2
39.4
39.3
39.2
39.7
39.6
39.8
39.6
39.1
39.1
39.1
39.3
39.6
39.8
39.7
39.7
39.6
39.7
39.5
39.1
39.1
39.3
39.0
39.5
39.5
39.5
39.2
39.0
39.1
39.3
39.5
39.6
39.5
39.4
39.7
39.4
39.1
39.7
39.4
39.3
39.1
39.5
39.5
39.1
39.1
39.0
39.1
39.6
39.5
39.6
39.6
39.5
39.6
39.6
39.6
39.5
39.3
39.2
39.5
39.5
39.3
39.4
39.6
39.6
39.5
39.6
39.6
39.0
39.2
39.4
39.5
39.4
39.1
39.4
39.5
39.5
39.5
39.4
39.5
39.4
39.3
39.5
39.5
39.6
39.0
39.2
39.2
39.3
39.5
39.1
39.6
39.5
39.5
39.6
39.5
39.4
39.3
39.3
39.2
39.2
39.4
39.6
39.3
39.6
39.1
39.0
39.5
39.5
39.3
39.2
39.0
39.5
39.5
39.6
39.6
39.5
39.6
39.6
39.5
39.3
39.5
39.3
39.6
39.6
39.6
39.6
39.4
39.4
39.3
39.1
39.1
39.4
39.5
39.4
39.5
39.2
39.5
39.3
39.6
39.4
39.2
39.6
39.5
39.3
39.2
39.2
39.1
39.3
39.6
39.6
39.6
39.3
39.3
39.5
39.0
39.1
39.4
39.1
39.3
39.6
39.3
39.5
39.5
39.6
39.4
39.4
39.5
39.4
39.6
39.0
39.4
39.6
39.6
39.7
39.7
39.4
39.1
39.2
39.7
39.6
39.2
39.4
39.2
39.5
39.4
39.1
39.6
39.7
39.5
39.5
39.3
39.4
39.5
39.5
39.6
39.2
39.3
39.6
39.3
39.4
39.5
39.5
39.5
39.4
39.4
39.3
39.6
39.5
39.5
39.5
39.5
39.4
39.5
39.8
39.3
39.3
39.5
39.1
39.0
39.1
39.3
39.3
39.5
39.5
39.2
39.2
39.1
39.2
39.5
39.5
39.6
39.3
39.4
39.6
39.8
39.6
39.7
39.5
39.2
39.2
39.2
39.4
39.4
39.1
39.2
39.5
39.1
39.1
39.0
39.1
39.5
39.2
39.1
39.2
39.7
39.7
39.4
39.3
39.5
39.5
39.5
39.2
39.5
39.2
39.0
39.1
39.4
39.5
39.3
39.0
39.4
39.4
39.6
39.6
39.6
39.6
39.4
39.6
39.5
39.1
39.5
39.4
39.2
39.7
39.6
39.5
39.1
39.5
39.3
39.2
39.7
39.5
39.6
39.5
39.6
39.5
39.2
39.4
39.5
39.8
39.5
39.2
39.3
39.3
39.0
39.5
39.4
39.6
39.5
39.3
39.3
39.4
39.2
39.1
39.5
39.5
39.1
39.0
39.1
39.6
39.6
39.6
39.6
39.5
39.6
39.3
39.4
39.4
39.1
39.1
39.2
39.6
39.2
39.5
39.6
39.2
39.2
39.6
39.5
39.5
39.1
39.1
39.5
39.4
39.7
39.2
39.4
39.6
39.7
39.5
39.6
39.7
39.6
39.2
39.3
39.1
39.1
39.1
39.2
39.4
39.5
39.1
39.4
39.6
39.2
39.7
39.2
39.3
39.3
39.5
39.0
39.2
39.1
39.3
39.4
39.2
39.3
39.6
39.3
39.1
39.6
39.2
39.4
39.7
39.7
39.6
39.2
39.6
39.4
39.2
39.2
39.2
39.3
39.7
39.7
39.5
39.7
39.7
39.5
39.9
39.4
39.0
39.3
39.7
39.4
39.2
39.5
39.7
39.7
39.3
39.6
39.3
39.5
39.6
39.7
39.6
39.4
39.5
39.7
39.4
39.7
39.2
39.1
39.6
39.4
39.1
39.3
39.7
39.3
39.7
39.5
39.1
39.2
39.1
39.2
39.3
39.5
39.3
39.7
39.5
39.5
39.8
39.7
39.2
39.3
39.5
39.5
39.2
39.6
39.2
39.4
39.7
39.7
39.5
39.1
39.2
39.1
39.1
39.2
39.4
39.7
39.8
39.6
39.2
39.5
39.8
39.6
39.7
39.5
39.7
39.3
39.6
39.5
39.2
39.5
39.6
39.6
39.7
39.7
39.4
39.2
39.4
39.7
39.5
39.6
39.6
39.5
39.4
39.6
39.1
39.1
39.2
39.1
39.3
39.3
39.3
39.6
39.5
39.4
39.4
39.2
39.2
39.1
39.5
39.6
39.6
39.7
39.2
39.6
39.6
39.3
39.4
39.5
39.3
39.4
39.2
39.5
39.8
39.6
39.7
39.2
39.5
39.8
39.5
39.7
39.5
39.1
38.9
39.2
39.3
39.0
39.7
39.6
39.4
39.3
39.7
39.8
39.3
39.1
39.1
39.5
39.4
39.2
39.1
39.3
39.2
39.2
39.2
39.6
39.4
39.3
39.5
39.6
39.3
39.1
39.5
39.5
39.3
39.5
39.6
39.7
39.4
39.8
48.9
54.1
53.9
53.8
53.7
53.6
22.1
20.0
20.5
20.3
20.4
20.6
20.5
20.7
19.9
16.7
16.9
16.7
16.3
16.3
15.9
5.6
5.6
5.5
5.6
5.6
5.6
5.6
8.9
8.8
8.8
8.8
8.8
8.8
8.8
8.8
8.8
8.8
8.8
8.8
8.8
5.6
5.6
15.3
28.1
13.3
5.7
28.1
31.5
30.9
15.2
5.5
5.7
27.3
30.1
31.9
16.3
5.6
5.7
27.2
29.0
31.8
14.4
5.6
5.8
27.8
29.4
32.2
14.3
5.6
5.8
27.4
28.9
32.5
14.1
5.6
5.8
27.5
29.2
33.0
14.2
5.6
5.8
27.2
29.5
31.8
13.2
5.5
5.9
29.4
30.3
30.7
13.5
5.6
5.9
29.0
30.6
31.0
12.8
5.6
6.0
28.3
30.5
31.7
14.2
5.6
5.9
29.0
31.3
29.1
13.6
5.6
6.3
28.4
29.4
31.4
12.6
5.6
6.0
28.6
29.4
30.1
13.5
5.6
6.3
28.5
30.5
32.8
10.1
5.6
6.7
28.4
29.1
32.6
9.6
5.6
6.3
29.1
29.6
32.2
9.2
5.6
6.7
28.9
30.9
32.4
9.0
5.5
7.0
28.7
29.8
31.7
9.0
5.6
7.6
29.3
32.6
29.0
8.6
5.6
7.5
28.3
30.9
31.5
8.5
5.5
7.7
29.5
31.2
31.2
8.2
5.6
7.7
29.2
31.1
30.8
5.6
8.3
28.1
30.2
33.2
7.9
5.6
8.5
28.4
29.0
30.2
8.3
5.6
9.2
29.1
32.6
28.6
7.5
5.6
9.1
28.1
31.6
30.3
7.2
5.6
10.8
27.3
30.5
31.8
7.2
5.6
10.3
27.3
30.5
33.7
6.9
5.6
10.3
27.1
30.3
32.2
7.0
5.6
11.1
27.8
33.5
29.0
6.5
5.6
10.9
27.8
32.7
29.6
6.2
5.6
11.5
27.2
30.4
31.1
6.1
5.6
11.8
27.4
33.0
30.1
5.7
5.5
11.9
27.0
31.9
31.5
5.5
5.6
12.3
27.0
31.0
32.7
5.6
5.6
12.6
27.0
33.0
30.2
5.5
5.5
12.9
26.7
30.6
30.9
5.6
5.5
12.7
26.8
32.6
30.5
5.6
5.6
13.4
27.7
34.5
26.7
5.6
5.6
13.0
26.9
33.2
29.8
5.6
5.6
13.3
26.7
31.5
29.9
5.6
5.6
13.1
26.7
31.6
29.0
5.5
5.5
13.5
26.9
32.4
30.5
5.5
5.5
14.0
27.2
32.7
27.8
5.5
5.5
14.3
27.1
31.8
29.2
5.6
5.5
13.7
28.4
33.6
25.7
5.5
5.5
14.0
26.9
32.8
27.4
5.6
5.5
13.5
28.4
33.0
28.3
5.5
5.5
14.4
27.9
33.9
26.7
5.6
5.5
15.0
27.4
32.0
28.4
5.5
5.5
14.5
28.1
32.4
27.1
5.5
5.5
14.7
27.7
32.7
26.8
5.6
5.6
15.1
27.1
33.7
28.1
5.6
5.6
16.3
27.5
34.0
24.6
5.6
5.5
15.4
27.8
33.4
26.2
5.6
5.6
15.4
26.9
31.8
27.2
5.6
5.5
15.4
27.0
32.6
26.6
5.6
5.5
16.0
27.1
32.1
27.2
5.5
5.5
15.7
27.8
33.9
24.3
5.6
5.5
16.6
27.2
33.2
25.7
5.5
5.6
15.9
27.2
32.9
25.4
5.6
5.6
15.6
28.3
30.3
27.0
5.6
5.6
16.7
27.4
33.9
24.4
5.6
5.5
17.1
27.9
33.2
24.9
5.5
5.5
17.1
27.4
32.6
25.3
5.5
5.6
17.7
28.1
32.5
25.0
5.5
5.5
17.1
27.9
32.2
24.1
5.6
5.6
17.9
27.4
33.0
25.6
5.6
5.5
17.7
29.3
33.7
23.5
5.6
5.6
17.3
28.3
33.3
24.2
5.5
5.5
17.2
29.0
30.0
23.8
5.5
5.5
17.7
28.3
32.7
22.6
5.5
5.5
17.9
27.1
32.4
24.9
5.6
5.5
18.1
28.9
33.7
20.8
5.5
5.6
18.3
28.3
34.2
21.8
5.6
5.6
18.7
28.4
33.0
22.2
5.5
5.6
18.9
28.0
31.8
22.3
5.5
5.5
18.8
27.9
34.5
22.0
5.6
5.5
19.1
27.7
33.8
22.0
5.6
5.6
19.6
28.1
33.7
20.3
5.5
5.6
19.4
28.5
32.9
20.4
5.5
5.5
19.4
28.9
32.3
20.6
5.6
5.5
19.5
27.8
33.8
21.5
5.6
5.5
19.7
28.2
32.3
22.7
5.6
5.5
20.5
29.0
32.6
20.2
5.6
5.5
27.4
31.7
21.3
5.5
5.6
20.2
29.4
31.7
19.3
5.6
5.5
20.8
28.1
33.2
19.3
5.6
5.6
20.4
29.1
34.7
18.7
5.6
5.6
20.5
28.0
33.3
20.4
5.6
5.6
21.1
28.1
33.6
21.0
5.5
5.5
21.3
29.0
31.1
20.3
5.5
5.5
21.4
27.8
34.5
17.9
5.6
5.6
21.4
27.8
33.6
19.6
5.5
5.6
21.1
29.2
34.2
17.7
5.5
5.6
22.2
28.0
32.8
19.8
5.6
5.6
21.9
29.5
32.7
18.8
5.6
5.6
22.6
29.3
32.7
17.5
5.6
5.5
22.1
28.9
33.6
17.4
5.5
5.6
22.3
28.9
34.5
16.7
5.6
5.6
13.3
38.1
44.7
38.6
37.0
36.7
26.1
17.2
16.9
16.6
16.3
16.4
16.3
16.3
16.3
16.3
16.3
16.2
16.2
16.1
16.1
10.5
5.5
5.6
5.6
5.5
5.5
5.6
6.2
8.8
8.8
8.8
8.8
8.8
8.8
8.8
8.8
8.8
8.7
8.8
8.8
8.7
8.8
8.8
8.8
8.8
8.7
8.7
8.7
7.5
7.3
7.3
7.3
7.2
7.2
7.3
7.3
7.3
7.3
7.2
7.3
5.7
5.6
22.2
26.3
29.0
31.6
35.4
37.2
38.4
38.2
38.1
38.3
37.7
38.7
37.3
38.6
38.4
37.8
38.3
38.3
38.5
37.3
38.3
38.6
37.4
38.4
38.2
38.1
37.8
37.3
38.2
38.2
37.4
38.7
38.3
37.8
37.9
38.1
38.0
37.2
38.2
37.9
38.0
38.1
36.1
38.3
37.3
37.6
37.6
37.9
38.2
37.7
37.6
38.1
37.2
38.0
38.4
37.5
37.1
38.4
38.1
37.2
37.8
38.3
37.2
37.3
38.6
37.8
37.3
37.6
39.0
37.7
37.2
38.5
38.4
37.2
38.5
37.5
38.0
38.1
37.8
37.5
37.9
38.6
37.2
38.0
37.1
37.9
38.2
37.3
37.7
38.5
37.7
37.6
37.8
37.4
37.8
38.4
36.7
37.4
38.5
38.0
37.6
37.9
37.7
37.1
37.7
37.6
38.2
37.2
37.4
38.0
37.7
36.9
37.3
38.3
37.2
37.2
37.3
37.1
37.7
37.8
38.1
37.3
37.4
37.8
38.2
37.4
37.5
38.1
37.9
37.1
37.3
38.2
37.4
37.5
38.5
37.4
37.6
37.4
38.0
38.0
37.3
38.3
36.7
38.2
37.7
37.8
38.2
37.2
38.1
37.9
37.1
38.5
37.7
37.3
38.1
38.7
37.2
37.4
38.3
37.3
37.6
37.9
37.7
37.6
37.6
37.8
37.3
37.2
37.2
38.4
37.3
37.7
38.0
38.0
37.0
37.0
38.4
38.3
37.3
38.0
38.1
38.0
38.6
38.2
38.1
38.4
38.2
38.0
37.7
38.6
37.8
37.7
38.7
38.3
37.6
38.6
37.1
38.6
38.4
37.8
38.1
38.0
38.6
38.6
37.1
38.1
38.0
38.0
38.3
37.6
38.4
36.6
38.7
37.5
37.5
38.7
38.7
37.4
38.2
38.5
37.6
37.1
38.2
37.6
37.5
37.5
37.8
37.7
37.5
37.8
37.9
37.6
37.9
38.1
36.9
37.1
38.5
38.0
37.8
37.6
38.0
38.1
37.8
38.0
37.3
37.8
37.9
37.9
37.1
37.7
38.3
37.4
37.8
38.0
38.0
37.6
37.9
37.8
37.8
37.9
38.2
38.3
38.2
38.4
38.6
38.5
38.4
38.3
38.2
38.3
38.3
38.3
38.1
38.7
38.1
38.0
38.2
38.3
37.7
38.1
38.6
38.1
37.8
38.1
38.2
38.4
37.3
38.5
38.5
37.7
38.3
38.0
38.1
38.4
38.1
38.1
37.9
38.6
37.6
38.2
38.4
38.3
37.8
38.2
37.8
37.9
38.4
38.5
38.2
38.2
38.5
38.4
38.1
38.5
38.7
37.9
37.7
38.5
38.6
37.8
38.1
37.9
38.1
38.3
38.7
38.3
38.2
38.4
38.2
38.3
38.3
38.0
37.6
38.5
38.4
37.8
38.1
38.5
38.0
37.9
38.5
38.3
38.1
38.3
37.8
37.9
38.8
38.5
37.6
38.2
38.8
38.2
38.0
38.6
38.4
38.1
38.3
38.5
38.2
37.6
38.2
38.1
37.3
38.2
38.1
37.1
37.6
38.4
37.6
37.7
38.5
37.8
38.3
38.5
37.6
37.8
38.1
39.1
38.0
37.0
38.8
38.4
38.3
38.7
38.2
37.9
38.5
38.5
38.4
38.4
38.4
37.8
37.6
39.0
38.2
38.5
38.6
37.2
38.4
38.3
38.5
38.1
38.4
38.4
38.0
38.2
38.6
38.0
37.8
38.6
38.9
38.3
38.4
38.5
38.2
38.2
38.2
38.2
37.3
38.7
38.6
38.5
38.8
38.7
38.1
38.4
38.6
38.2
38.6
38.5
38.4
38.6
38.7
37.7
38.5
38.6
38.3
38.1
38.5
38.3
38.0
38.3
37.9
37.9
37.4
38.8
38.5
38.6
38.6
38.6
38.2
38.3
38.7
38.5
38.3
38.4
38.4
38.0
38.5
38.1
38.0
38.4
38.3
38.2
38.3
38.5
38.2
38.4
38.3
37.9
38.5
38.6
38.1
38.2
38.5
37.9
37.7
38.1
37.9
37.6
38.2
38.3
37.9
37.7
37.4
37.6
38.5
38.2
37.6
38.1
38.3
37.9
37.8
38.4
37.8
38.2
38.5
38.6
38.0
38.3
38.4
38.1
38.2
38.3
38.5
38.2
38.1
38.4
38.2
38.3
38.4
38.1
38.3
38.8
38.4
38.3
38.6
38.4
38.3
38.5
38.2
38.0
38.4
38.2
38.1
38.2
38.5
38.1
38.3
38.9
38.3
38.1
38.4
38.7
37.9
38.5
38.2
37.8
38.4
38.6
38.1
38.2
38.7
38.0
37.9
38.5
38.3
38.2
38.4
38.3
38.0
38.5
38.4
38.1
38.5
38.4
38.1
38.2
38.6
38.3
38.2
38.1
38.3
38.1
38.4
38.3
38.2
38.6
38.4
37.8
38.7
38.2
38.0
38.3
38.4
38.0
38.0
38.8
38.2
38.0
38.7
38.3
38.1
38.2
38.3
38.0
38.0
38.2
37.9
38.3
38.4
38.0
38.2
38.3
38.2
38.4
38.3
38.5
37.9
38.2
38.3
38.0
38.2
38.3
38.2
37.9
38.3
38.2
38.0
38.7
38.0
37.7
38.4
38.4
37.8
38.0
38.5
38.0
38.0
38.3
37.8
38.1
38.4
38.6
38.0
38.4
38.8
37.4
38.3
38.3
38.1
38.3
38.2
37.9
38.1
38.3
37.9
38.1
38.1
37.9
37.9
38.3
38.2
37.7
38.3
38.2
38.0
38.2
38.3
38.1
37.9
38.4
38.1
37.8
38.3
38.1
37.9
38.2
38.1
37.9
38.3
38.3
38.1
38.4
38.4
37.9
38.2
38.2
38.0
38.0
38.3
38.4
38.0
38.5
38.3
38.0
38.4
38.0
37.9
38.2
38.1
38.0
37.9
38.2
38.1
38.3
38.3
38.2
38.1
38.2
38.3
37.9
38.2
38.3
38.2
38.2
38.2
38.3
38.2
38.4
38.2
38.1
38.2
38.2
37.6
38.0
38.3
38.2
38.2
38.3
37.9
38.0
38.1
38.1
37.9
38.3
38.1
38.0
38.2
38.6
37.8
38.1
38.2
37.9
38.0
38.2
38.0
38.0
38.2
38.2
37.8
38.2
38.2
37.6
38.3
38.5
37.7
38.2
38.5
37.9
37.9
38.2
37.9
38.0
38.4
38.1
37.9
38.3
38.5
37.9
38.2
38.2
37.9
38.0
38.3
38.0
38.1
38.3
37.7
38.1
38.2
38.1
38.0
38.1
38.0
38.0
38.2
38.3
37.7
38.2
38.2
38.0
38.4
38.0
38.0
38.2
38.1
37.9
38.1
38.4
37.3
38.3
38.5
37.7
38.1
38.0
37.7
38.2
38.3
38.1
38.2
38.3
37.7
38.0
38.0
38.0
38.0
38.3
38.1
37.8
38.2
37.9
37.5
38.4
38.4
38.0
38.3
38.0
38.1
38.1
38.2
37.9
38.3
38.4
37.7
38.3
38.2
38.1
37.9
38.3
38.1
37.7
38.3
38.1
37.7
38.4
38.7
37.9
38.1
38.1
37.8
37.6
38.5
38.1
37.9
38.2
38.1
38.0
38.1
38.2
37.5
37.9
38.0
38.0
38.0
38.2
38.1
37.9
38.3
38.1
37.9
38.2
37.9
37.8
38.4
38.2
37.6
38.0
38.3
37.6
38.1
38.1
38.0
38.0
37.7
38.1
37.6
38.2
37.8
37.9
38.0
38.0
37.8
38.2
38.1
37.9
38.0
38.1
37.8
38.1
38.3
38.1
37.7
38.3
37.9
37.8
38.0
38.0
38.0
38.2
38.1
37.8
38.3
38.0
37.8
38.1
38.1
37.9
38.1
38.2
38.0
38.0
38.1
37.6
37.5
38.3
38.0
38.0
37.9
38.1
37.5
38.1
38.1
38.1
38.0
38.2
37.9
38.0
38.3
37.8
37.7
38.1
38.2
37.9
38.2
38.0
37.6
38.1
38.1
37.5
38.0
38.2
38.0
37.9
38.0
37.8
37.5
37.9
37.9
37.7
38.2
38.1
37.5
38.1
37.9
37.8
37.8
38.3
38.1
37.9
37.9
38.0
38.0
38.4
37.8
37.7
38.1
37.7
37.8
38.0
38.0
38.0
37.8
37.9
37.6
37.9
38.0
38.1
37.5
38.0
37.6
37.8
38.0
38.1
37.8
38.1
38.1
37.9
37.8
37.9
37.7
37.6
38.2
38.1
37.5
38.1
37.9
37.5
37.8
38.1
37.8
38.0
38.1
37.8
37.5
38.2
37.9
37.8
37.9
38.0
37.6
37.9
38.1
37.8
37.9
37.9
37.6
37.8
38.0
37.8
37.9
38.1
38.0
37.6
38.2
37.9
37.8
38.1
37.9
37.3
37.7
37.9
37.8
37.9
38.0
37.8
37.4
37.9
37.8
37.7
38.0
38.1
38.0
37.8
37.7
37.9
37.7
38.2
38.0
37.7
38.1
37.5
37.6
37.7
37.9
38.0
37.9
38.0
37.8
37.6
37.9
38.2
37.7
38.1
37.9
37.6
37.6
38.0
37.7
37.9
38.1
37.7
37.4
38.1
37.8
37.6
38.2
37.2
38.0
37.9
37.9
37.7
37.7
37.9
37.8
37.6
37.9
37.9
37.8
37.7
37.7
37.6
38.0
38.0
37.7
37.7
38.1
37.8
37.7
37.9
37.8
37.8
37.8
37.4
38.1
37.9
37.7
37.8
38.0
37.9
37.5
38.0
38.0
37.8
38.0
38.0
37.6
38.0
38.0
37.5
37.8
37.9
37.6
37.6
38.1
37.8
37.5
37.8
37.8
37.3
37.8
38.0
37.4
37.7
38.0
37.3
37.8
38.2
37.7
37.7
38.2
37.8
37.7
38.0
37.8
37.8
37.6
38.0
37.9
37.7
38.0
37.7
37.7
38.0
37.7
37.1
37.8
38.0
37.5
37.6
37.8
37.8
37.6
37.9
37.8
37.6
38.2
38.0
37.6
37.8
37.9
37.6
38.2
38.1
37.5
37.7
38.0
38.0
37.7
38.1
38.0
37.5
37.9
38.2
37.5
37.9
37.9
37.9
37.8
37.8
37.7
37.9
38.1
37.5
37.4
37.9
38.0
37.6
38.2
37.9
37.4
38.0
37.8
37.6
37.7
38.2
37.5
37.2
38.3
38.0
37.6
38.0
38.0
37.7
37.7
37.8
37.9
37.9
38.0
37.7
37.5
38.1
37.7
37.5
37.8
37.8
37.6
37.9
37.9
37.5
37.8
38.1
37.7
37.6
38.0
37.7
37.8
38.0
37.8
37.6
38.2
38.1
37.7
38.0
37.8
37.7
37.9
37.8
37.6
38.0
37.9
37.7
37.8
38.3
37.8
37.6
38.1
37.8
37.6
37.6
38.0
37.9
37.5
37.7
38.1
37.6
37.9
37.9
37.7
38.0
37.8
37.7
37.8
37.7
37.6
37.8
37.9
37.9
37.4
37.7
37.6
37.8
37.8
37.9
37.8
37.7
37.9
37.7
37.6
37.9
37.8
37.4
38.0
37.8
37.5
37.8
37.7
37.8
37.6
38.3
38.0
37.7
38.0
38.0
37.4
37.8
38.0
37.8
38.0
37.8
37.7
37.6
38.0
38.0
37.5
37.9
37.9
37.8
38.1
37.9
37.6
37.9
37.8
37.6
37.7
37.9
37.7
37.5
38.0
38.0
37.6
37.8
37.9
38.0
37.8
37.8
37.6
37.7
38.1
37.9
37.7
38.1
37.6
37.6
38.1
38.0
37.6
37.9
37.8
37.5
37.7
38.0
37.7
37.2
38.0
38.0
37.9
38.0
37.8
37.6
37.9
37.8
37.8
37.9
37.9
37.9
37.5
37.8
37.8
37.5
38.0
37.9
37.5
37.9
38.1
37.5
38.0
38.0
37.6
37.8
38.0
37.7
37.8
37.9
37.5
37.8
38.3
37.8
37.5
37.9
37.8
37.6
37.8
37.8
37.5
37.5
38.2
37.8
37.6
37.9
37.7
37.6
37.9
37.7
37.6
37.7
37.9
37.6
37.6
37.9
37.4
37.8
38.1
37.1
37.8
37.9
37.7
37.2
37.9
37.8
37.5
37.8
38.0
37.8
38.0
37.9
37.7
37.6
37.9
37.8
37.6
38.0
37.7
37.6
38.0
37.9
37.5
37.7
37.9
37.6
37.6
38.1
37.8
37.6
38.0
37.9
37.5
38.0
37.8
37.4
37.8
37.9
37.4
37.9
37.9
37.8
37.7
37.9
37.9
37.7
37.8
37.8
37.6
38.1
37.9
37.6
37.9
37.9
37.7
38.1
37.7
37.5
37.6
37.9
37.7
37.6
38.1
37.8
37.5
38.1
37.9
37.4
38.1
38.0
37.5
37.8
38.0
38.0
37.7
37.8
38.1
37.6
38.0
37.9
37.7
37.9
38.1
37.6
37.6
37.8
38.0
37.8
38.0
37.8
37.8
38.0
37.8
37.9
37.8
38.1
38.0
37.9
38.1
38.0
37.9
38.0
38.0
37.3
37.8
38.3
37.4
38.0
38.0
37.5
37.9
38.0
37.6
37.9
38.0
37.9
37.5
37.8
38.1
37.7
37.8
38.1
37.7
37.8
37.9
37.7
37.5
37.9
37.8
37.6
38.0
37.8
37.6
37.9
37.9
37.3
37.8
38.0
37.7
38.1
37.8
38.1
37.7
38.0
38.0
37.4
37.9
38.2
37.5
37.8
37.9
37.8
37.7
38.0
37.7
37.6
38.2
38.0
37.4
37.9
38.0
37.6
38.2
38.2
37.6
37.6
37.9
37.8
37.7
38.0
37.9
37.7
38.0
37.9
37.5
37.9
38.1
37.5
37.7
38.0
37.8
37.9
38.0
37.8
37.3
38.0
37.9
37.5
38.0
38.2
37.5
37.9
38.0
37.6
37.8
38.0
37.8
37.7
38.0
37.8
37.7
38.1
37.9
37.8
37.9
37.9
37.6
37.8
37.9
37.8
37.8
38.1
37.9
37.7
38.0
37.9
37.4
38.0
38.0
37.7
38.0
38.0
37.8
38.0
38.1
37.9
37.7
38.0
37.7
37.6
38.1
38.0
37.7
37.9
38.1
37.9
37.6
37.9
37.8
37.7
38.0
38.0
37.6
38.1
38.1
37.6
37.9
37.7
37.7
37.8
38.3
37.9
37.7
38.0
37.9
37.5
38.0
37.8
37.7
38.1
38.0
37.6
37.8
37.7
37.6
37.9
37.9
37.8
37.8
37.9
38.0
37.5
37.9
37.7
37.6
37.8
38.1
37.8
37.8
38.2
37.8
37.9
37.9
37.9
37.5
38.1
37.8
37.4
37.9
38.0
37.6
529.5
962.8
960.1
960.9
961.1
960.0
956.8
961.6
958.8
956.0
958.9
959.0
954.0
955.7
957.5
955.3
954.6
953.5
955.8
956.0
954.4
953.4
955.8
954.7
952.9
956.0
954.2
954.7
952.6
953.0
954.8
953.4
953.3
952.6
953.8
955.2
953.0
951.4
952.2
954.6
955.0
952.5
952.6
957.4
952.5
951.9
956.0
954.8
951.3
953.6
954.9
953.5
952.3
951.4
955.6
952.8
951.6
949.9
952.0
954.0
954.1
951.4
954.5
955.0
952.4
951.1
952.0
953.5
953.1
953.9
951.0
952.3
955.2
954.0
953.4
951.9
952.2
957.0
953.8
952.7
952.7
954.0
956.7
953.8
951.8
952.5
954.0
954.2
954.1
953.0
951.6
955.2
954.6
952.2
951.4
952.9
956.7
954.2
951.3
954.4
956.5
954.8
953.2
953.8
956.6
955.1
954.4
952.6
953.0
956.0
954.5
952.9
952.9
955.9
955.1
952.3
952.3
954.0
955.2
952.5
953.7
956.2
952.7
953.0
955.3
954.9
952.4
951.8
954.8
955.1
952.0
952.9
953.9
954.2
951.2
952.2
956.3
953.6
951.8
952.8
953.4
955.2
953.1
952.8
953.3
956.1
955.5
953.5
954.2
956.5
954.9
953.2
955.9
955.9
954.0
953.8
953.9
957.2
953.5
952.5
955.5
954.6
954.9
952.4
954.3
955.2
955.1
952.5
953.2
956.7
954.2
951.4
952.3
953.7
955.0
952.4
951.9
955.8
954.1
951.0
954.3
955.6
953.6
954.9
956.4
954.9
951.6
953.8
957.2
953.7
953.3
956.6
954.1
952.3
957.4
954.6
952.2
952.4
953.2
952.8
952.8
952.8
954.7
955.8
954.2
953.2
955.4
953.8
957.7
954.8
952.4
955.9
955.8
953.1
952.9
954.2
955.8
954.8
951.8
954.5
955.9
953.6
953.5
956.9
957.2
953.1
953.5
958.1
954.6
954.1
954.9
957.8
954.8
953.0
954.9
957.4
955.3
953.2
957.5
954.7
954.9
954.3
953.8
955.0
956.7
956.1
953.5
953.7
956.0
957.2
954.1
952.4
952.7
957.2
954.0
953.9
952.2
953.1
954.9
955.3
953.7
952.9
956.1
956.1
955.1
953.5
956.1
957.8
953.5
955.1
955.9
954.4
952.3
953.3
957.3
952.5
951.7
954.7
955.3
951.7
953.3
955.5
954.6
952.4
953.2
956.0
953.4
952.2
951.6
952.7
957.1
953.6
952.5
955.0
955.5
953.2
953.9
956.3
953.2
952.7
953.3
954.5
954.2
952.1
953.9
955.7
956.7
952.4
951.6
955.4
954.5
952.8
950.0
953.0
954.8
951.6
949.7
951.9
953.8
953.3
949.9
951.0
954.1
954.1
952.7
950.6
949.9
951.1
954.1
952.2
949.7
952.2
954.1
954.4
951.7
950.5
953.7
954.9
953.3
951.5
954.9
954.6
952.0
951.6
953.4
956.3
951.8
952.4
955.1
953.7
951.0
952.6
954.4
953.6
951.8
949.2
950.5
952.8
952.8
950.2
950.0
951.4
953.5
952.4
949.9
950.1
952.6
952.2
948.9
950.8
951.5
950.6
949.7
951.4
953.2
951.8
949.5
951.9
952.8
950.4
949.8
951.1
953.1
952.4
950.2
952.0
954.8
950.7
950.8
953.5
951.7
950.3
954.2
951.8
948.3
949.4
953.0
952.7
948.5
948.3
952.4
951.7
951.9
950.6
954.6
951.8
950.1
951.7
953.4
949.5
952.6
951.8
949.3
950.8
954.4
949.0
951.1
952.7
950.3
951.6
954.3
949.6
950.7
955.1
952.4
950.4
953.2
952.7
949.7
952.0
951.6
951.5
951.2
951.2
951.8
951.1
950.2
949.2
949.1
950.5
950.4
951.9
951.8
949.3
954.1
951.9
949.7
951.0
482.4
38.5
38.6
38.7
38.6
38.9
38.5
38.5
38.7
52.2
51.8
43.9
43.8
40.0
19.9
19.9
20.2
19.8
17.3
16.5
16.3
16.2
16.2
9.6
5.6
5.6
5.6
5.6
5.5
5.5
5.5
5.6
5.5
5.6
5.6
5.5
5.6
5.6
5.6
5.6
5.6
5.5
5.6
5.6
5.6
5.6
5.5
5.5
5.6
5.5
5.6
5.6
5.6
5.6
5.6
5.5
5.5
5.6
5.5
5.6
5.6
5.6
5.5
5.6
5.6
5.6
5.6
5.6
5.6
5.6
5.5
5.6
5.6
5.5
5.6
5.6
5.6
5.6
5.6
5.6
5.6
5.6
5.6
5.6
5.6
5.5
5.6
5.6
5.6
5.6
5.6
5.5
5.6
5.6
5.6
5.6
5.6
5.6
5.6
5.6
5.6
5.6
5.6
5.6
5.6
5.6
5.5
5.5
5.6
5.6
5.6
5.6
5.6
5.6
5.6
5.6
5.6
5.6
5.5
5.5
5.5
5.6
5.6
5.6
5.7
5.6
5.6
5.6
5.6
5.6
5.6
5.6
5.6
5.5
5.6
5.6
5.6
5.6
5.6
5.7
5.6
5.6
5.6
5.6
12.1
16.7
16.2
16.1
16.0
15.9
15.9
15.9
15.9
15.9
8.0
5.6
5.6
13.2
9.0
4.9
4.9
4.8
4.9
4.9
4.9
4.9
5.0
4.9
4.9
4.9
4.9
4.9
4.9
4.9
4.9
4.9
4.9
4.9
4.9
4.9
5.0
4.9
4.9
4.9
4.9
4.9
4.9
4.9
4.9
4.9
4.9
4.9
4.9
4.9
4.9
4.9
4.9
5.0
4.9
4.9
4.9
4.9
4.9
4.9
4.9
4.9
4.9
4.8
4.9
4.9
4.9
4.9
4.9
5.0
4.9
4.9
4.9
4.9
4.9
4.9
4.9
4.9
4.9
4.9
4.8
4.9
4.9
4.9
4.9
4.9
4.9
4.9
4.9
4.9
4.9
4.9
4.9
4.9
4.8
4.9
4.9
4.9
4.9
4.9
5.0
4.9
4.9
4.9
4.9
4.9
4.9
4.9
4.9
4.9
4.9
4.9
4.9
4.9
4.9
4.9
4.9
5.0
4.9
4.9
4.9
4.9
4.9
4.9
4.9
4.9
4.9
4.9
4.9
4.9
4.9
4.9
4.9
4.9
4.9
5.0
4.9
4.9
4.9
4.9
4.9
4.9
4.9
4.9
4.9
4.9
4.9
4.9
4.9
4.9
4.9
4.9
4.9
4.9
4.9
4.9
4.9
4.9
4.9
4.9
4.9
4.9
4.9
5.0
4.9
4.9
4.9
4.9
4.9
4.9
4.9
4.9
4.9
4.9
4.9
4.9
4.9
4.9
4.9
4.9
4.9
4.9
4.9
4.9
4.9
4.9
5.0
4.9
4.9
4.9
4.9
4.9
4.9
4.9
4.9
4.9
4.9
4.9
4.9
4.9
4.9
4.9
4.9
4.9
4.9
4.9
4.9
4.9
4.9
5.0
4.9
4.9
4.9
4.9
4.9
4.9
4.9
4.9
4.9
4.9
4.9
4.9
4.9
4.9
4.9
4.9
4.9
4.9
4.9
4.9
4.9
4.9
4.9
4.9
4.9
4.9
4.9
4.9
4.9
4.9
4.9
4.9
5.0
4.9
4.9
4.9
4.9
4.9
4.9
4.9
4.9
4.9
4.9
4.9
5.0
4.9
4.9
4.9
4.9
4.9
4.9
4.9
4.9
4.9
4.9
4.9
4.9
4.9
4.9
4.9
4.9
4.9
4.9
4.9
4.9
5.0
4.9
4.9
4.9
4.9
4.9
4.9
4.9
4.9
4.9
4.9
4.9
5.0
4.9
4.9
4.9
4.9
4.9
4.9
4.9
4.9
4.9
4.9
4.9
4.9
4.9
4.9
4.9
4.9
4.9
4.9
4.9
5.0
4.9
4.9
4.9
4.9
4.9
4.9
4.9
4.9
4.9
4.8
4.9
4.8
4.9
4.9
4.9
4.9
4.9
4.9
4.9
4.9
4.9
4.9
4.9
4.9
4.9
4.9
4.9
4.9
4.9
4.9
4.9
4.9
4.9
4.9
4.9
5.0
4.9
4.9
4.9
4.9
4.9
4.9
4.9
4.9
4.9
4.9
4.9
4.9
4.9
4.9
4.9
4.9
4.9
4.9
4.9
4.9
4.9
4.9
5.0
4.9
4.9
4.9
4.9
4.9
4.9
4.9
4.9
4.9
4.9
4.9
4.9
4.9
4.8
4.9
4.9
4.9
4.9
4.9
4.9
4.9
4.9
4.9
4.9
4.9
4.9
4.9
4.9
4.9
4.9
4.9
4.9
4.9
4.9
4.9
4.9
4.9
4.9
4.9
4.9
4.9
4.9
4.9
4.9
4.9
4.9
4.9
4.9
4.9
5.0
5.0
4.9
4.9
4.9
4.9
4.9
4.9
4.9
4.9
4.9
4.9
4.9
4.9
4.9
4.9
4.9
4.9
4.9
4.9
5.0
4.9
4.9
4.9
4.9
4.9
4.9
4.9
4.9
4.9
4.9
4.9
4.9
4.9
4.9
4.9
4.9
4.9
4.9
4.9
4.9
4.9
4.9
4.9
4.9
4.9
4.9
4.9
4.9
4.9
4.9
4.9
4.9
4.9
4.9
4.9
4.9
4.9
4.9
4.9
4.9
4.9
4.9
4.9
4.9
4.9
4.9
4.9
4.9
4.9
4.9
4.9
4.9
4.9
4.9
4.9
4.9
4.9
4.9
4.9
4.9
4.9
4.9
4.9
4.9
4.9
4.9
4.9
4.9
4.9
4.9
4.9
4.9
4.9
4.9
4.9
4.9
4.9
4.9
4.9
4.9
4.9
4.9
4.9
4.9
4.9
4.9
4.9
4.9
4.9
4.9
4.9
4.9
4.9
4.9
4.9
4.9
4.9
5.0
4.9
4.9
4.9
4.9
4.8
4.9
4.8
4.9
4.9
4.9
4.9
4.9
4.9
4.9
4.9
5.0
4.9
4.9
4.9
4.9
4.9
4.9
4.9
4.9
4.9
4.8
4.9
4.9
4.9
4.9
4.9
4.9
4.9
5.0
4.9
4.9
4.9
4.9
4.9
4.9
4.9
4.9
4.9
4.9
4.9
4.9
4.9
4.9
4.9
5.0
4.9
4.9
4.9
4.9
4.9
4.9
4.9
4.9
4.9
4.9
4.9
4.9
4.9
4.9
4.9
4.9
4.9
4.9
4.9
4.9
4.9
4.9
4.9
4.9
4.9
4.9
4.9
4.9
4.9
4.8
5.1
4.9
4.9
4.9
4.9
4.9
4.9
4.9
4.9
4.9
4.9
4.9
4.9
4.9
1.3