0.4
0.2
0.2
0.2
0.2
0.1
0.2
0.2
0.2
0.3
0.2
0.6
0.5
0.5
0.5
0.5
0.5
0.3
0.4
0.4
0.6
0.5
0.6
0.5
0.6
84.5
10.3
7.4
5.8
5.2
5.0
5.1
99.6
115.4
94.1
67.5
67.3
34.2
4.3
17.7
17.6
16.7
16.7
16.6
16.4
16.3
16.2
16.2
15.4
3.6
3.6
3.6
3.7
3.6
6.0
15.2
13.5
13.6
13.8
19.7
21.7
16.9
16.5
16.4
16.4
16.3
16.4
16.4
15.2
3.5
3.5
3.4
3.5
4.1
9.6
9.5
9.4
9.4
9.4
9.4
1.1
0.5
0.3
0.4
0.3
0.3
0.0
0.0
0.0
0.0
0.0
0.0
0.0
0.0
1.2
0.3
0.3
0.3
0.6
0.6
0.7
0.7
0.7
0.7
0.7
45.2
6.7
5.1
4.4
4.0
85.2
107.9
100.4
65.0
65.3
42.6
4.0
6.3
9.6
9.3
9.3
9.3
9.4
9.4
9.4
9.3
9.3
9.3
9.3
9.4
9.3
9.2
9.2
9.2
7.6
6.8
6.7
6.6
6.6
17.8
10.2
9.5
9.3
9.2
9.2
9.2
9.2
9.2
9.1
9.1
9.1
9.2
9.1
9.1
9.1
9.1
9.1
9.2
9.0
9.0
9.0
9.1
9.1
9.0
9.0
9.1
9.0
9.1
9.0
7.1
6.5
6.5
6.6
6.6
18.0
9.8
9.3
9.0
9.2
9.1
9.0
9.0
9.0
8.9
9.0
9.1
9.0
8.9
8.9
8.9
8.9
9.0
8.9
8.9
8.9
3.4
3.7
137.1
250.9
114.4
120.9
144.7
138.9
141.9
142.0
130.0
118.3
122.9
135.4
137.1
130.7
138.7
137.9
132.3
135.4
125.8
123.8
126.8
134.9
129.5
141.1
120.5
128.7
123.4
135.1
127.9
144.1
132.9
119.5
118.8
143.2
127.6
131.9
133.5
140.6
131.8
134.2
138.7
141.5
135.9
136.1
139.4
136.4
134.7
154.2
134.7
131.6
139.4
135.9
132.7
125.5
140.2
132.3
120.5
122.6
135.7
138.3
133.8
127.3
117.5
128.8
124.6
123.3
123.0
133.3
132.7
118.4
126.7
128.5
133.9
127.3
128.0
135.1
127.1
125.6
134.6
131.1
125.7
132.1
140.5
131.2
137.2
134.1
137.1
136.3
138.4
131.5
152.3
134.0
147.4
147.1
146.6
142.1
140.0
139.7
146.6
143.8
136.5
136.4
146.6
143.6
121.0
138.8
126.0
139.9
126.1
127.5
130.7
134.1
136.2
131.3
136.8
127.0
124.3
89.5
3.3
3.1
3.1
3.0
3.1
3.1
3.1
3.1
5.1
9.0
8.9
8.9
8.9
9.0
9.0
9.1
9.1
8.9
9.0
8.9
9.0
9.0
9.0
8.9
8.9
8.9
8.9
9.0
9.0
8.9
8.9
8.9
8.9
9.0
8.9
8.9
8.9
8.9
8.9
8.9
8.9
8.8
8.8
8.8
8.9
8.9
8.8
8.8
8.8
8.8
8.9
8.9
8.9
8.8
8.8
8.9
5.2
3.1
3.1
3.1
3.1
3.1
3.0
3.0
3.4
70.7
294.7
233.5
175.4
206.5
204.7
211.1
179.9
209.2
197.4
68.2
3.1
3.0
3.1
3.1
3.1
3.1
3.0
8.6
202.4
266.9
204.1
202.1
192.8
196.7
206.0
203.2
183.9
139.2
3.3
3.0
3.0
3.0
3.1
3.1
3.1
3.4
86.0
310.8
213.0
192.4
187.1
206.6
188.7
198.9
192.3
196.0
49.4
3.1
3.1
3.0
3.0
3.1
3.0
3.1
18.0
243.0
244.4
189.4
194.5
191.5
188.7
193.5
187.9
175.5
128.7
3.1
3.0
3.0
3.0
3.0
3.1
3.1
3.4
113.1
315.8
205.7
202.0
211.7
214.0
205.2
200.3
201.0
211.2
23.0
3.1
3.0
3.0
3.0
3.0
3.0
3.2
32.1
291.0
217.3
205.2
205.0
186.6
207.0
203.8
197.0
206.8
107.7
3.1
3.0
3.1
3.1
3.0
3.0
3.0
3.4
3.1
3.1
3.1
3.1
3.0
3.0
3.0
3.0
2.9
3.1
3.1
3.1
3.1
3.0
3.0
2.9
3.0
3.5
170.5
316.2
229.4
194.9
207.5
198.8
203.5
231.8
207.2
226.5
227.1
203.9
203.8
216.4
213.5
215.2
229.9
199.5
223.2
186.1
218.1
210.4
201.5
218.0
217.7
156.3
3.3
3.0
2.9
2.9
3.0
3.0
3.1
3.2
56.1
305.7
212.1
195.9
192.6
194.7
191.7
179.5
178.0
188.1
207.9
197.6
198.0
183.4
224.6
201.3
220.4
199.2
205.8
211.6
217.8
203.7
188.5
202.6
185.5
169.9
75.9
3.0
3.1
3.0
3.0
3.0
3.0
3.0
9.8
202.0
296.7
195.0
192.3
211.2
199.8
200.4
195.7
204.3
202.7
197.7
187.3
194.7
184.7
200.0
203.9
195.8
190.6
199.7
200.7
206.6
185.4
194.4
189.3
202.4
156.9
3.2
2.9
2.9
3.0
3.0
3.1
3.0
3.3
86.6
313.4
208.3
196.1
207.2
208.1
212.5
193.4
208.0
185.8
198.0
192.8
197.1
209.5
192.2
205.9
193.8
220.6
198.6
191.0
184.3
195.6
210.0
187.5
196.8
199.3
50.2
3.0
3.0
3.0
2.9
3.0
2.9
3.0
14.4
219.5
280.8
169.3
214.6
180.1
189.4
186.7
191.5
183.5
182.4
196.1
199.2
197.4
195.7
191.1
204.7
187.2
193.4
211.2
209.8
205.1
197.1
196.7
203.5
189.3
144.4
3.1
2.9
3.0
3.0
3.0
3.0
3.0
3.3
96.4
315.0
242.5
207.0
214.6
208.6
223.0
218.0
218.5
197.0
200.8
193.6
238.7
218.6
180.0
232.2
210.7
198.3
194.2
227.0
213.4
213.4
211.5
230.3
218.7
227.2
27.8
3.0
3.0
3.0
2.9
2.9
3.0
3.2
24.1
235.4
257.7
201.3
208.5
189.8
197.4
202.6
195.6
200.5
193.0
186.4
196.5
194.0
198.2
205.1
196.4
205.1
194.2
187.3
193.9
202.0
195.9
200.6
207.8
193.5
131.1
3.1
3.0
3.0
3.0
3.0
2.9
3.0
3.3
126.8
304.6
220.5
205.2
214.2
197.7
201.0
217.9
196.5
195.9
215.8
215.2
194.8
191.5
233.3
195.2
188.3
227.0
206.8
195.7
203.5
206.0
220.3
203.3
219.8
212.4
5.6
2.9
3.0
3.0
3.0
3.0
3.0
3.1
29.5
241.9
240.0
213.3
209.5
193.0
207.1
197.5
184.5
209.7
197.9
195.7
208.2
179.1
173.4
194.3
11.7
2.9
3.0
2.9
1716.09
1723.07
1717.09
1717.01
1752.06
1932.05
1925.08
1899.02
1894.02
1926.06
1905.08
1886.08
1917.07
1901.06
1804.01
1715
1720.05
1721.06
1715.02
1720.01
1720.05
1714.01
1723.02
1893.08
1975.05
1914
1897.06
1894.06
1900.02
1896.08
1897.02
1919.05
1858.09
1713.06
1717.07
1719.08
1714.05
1722.05
1717
1714.02
1719.08
1778.02
1975.04
1921
1909.06
1895.08
1911
1904.01
1901.02
1893.06
1900.09
1766.04
1721.09
1719.06
1713.07
1717.05
1721.04
1715.07
1718.04
1734.01
1921.08
1954.06
1922.09
1890.09
1900.07
1921.01
1907.06
1906.08
1899
1811.01
1714.01
1714.02
1720.09
1714.04
1716.02
1720.01
1711.06
1720.03
1844.09
1953
1912
1892.08
1911
1902.09
1899.04
1896.02
1899.02
1913
1715
1720.07
1720.07
1714.09
1722.02
1718.04
1713
1718.04
1754.09
1969.04
1942.07
1921.06
1927
1903.02
1927.03
1902.09
1909.07
1910.04
1778.09
1714.07
1719.06
1719.07
1715.04
1724.04
1713.08
1715.06
1735.03
1933.05
1926.08
1897
1898.01
1906.01
1897.08
1918.04
1888.04
1898.07
1823.07
1717.01
1720.09
1720.09
1712.06
1716.04
1723.02
1715.01
1720.04
1720
1838
1981
1920.09
1911.07
1897.07
1907.05
1900.08
1919.02
1904.07
1900.05
1720.04
1715.01
1721.06
1718.03
1713
1721.02
1715.06
1715.05
1792.07
1945
1938
1877.06
1885.03
1891.01
1899.06
1900.02
1903.07
1888.07
1752.01
1720.05
1712.07
1710
1719.09
1710.07
1716.09
1716.09
1751.09
1964.04
1922.07
1932.06
1917.01
1899.05
1907.06
1905.09
1917.02
1916.07
1791
1714.05
1715.02
1720.04
1716.09
1713.04
1720.04
1716.07
1726.06
1920.03
1918.02
1910.01
1909.06
1899.06
1891.07
1901.08
1878.05
1888.07
1835.04
1711.06
1714.06
1719.09
1710.03
1718.03
1715.04
1711.04
1720.09
1831.02
1989.04
1885.09
1892.07
1901.01
1905.04
1913.01
1905.05
1895.09
1893
1717.07
1720.08
1719.05
1716
1722.09
1719.01
1714.06
1717.07
1817.04
1970.03
1905.07
1910.07
1892.07
1889.06
1888.07
1903.02
1888.07
1901.04
1728.09
1718.01
1720.06
1714.01
1718.02
1719.06
1712.08
1716.05
1752.09
1960.02
1916.09
1898.06
1896.09
1902.06
1900.08
1907.08
1922.09
1912
1789.03
1716.05
1713.09
1718.07
1719.05
1715.08
1713.02
1718.07
1725.01
1902.09
1940.06
1904.07
1883.01
1908.02
1882.06
1882.08
1888.05
1894.09
1851.06
1720.03
1716.02
1713.02
1718.07
1715.01
1714
1710.09
1714.01
1719.05
1895.01
1966.02
1890.02
1919
1898.06
1897
1875.04
1921.05
1896.02
1841.05
1716
1713.04
1719.05
1717.06
1712.08
1713.08
1719.05
1716.01
1810.09
1957.04
1916.03
1894.08
1891.03
1890.06
1899
1883.07
1892.01
1902.03
1732.06
1720.06
1713.03
1718.04
1717
1710
1716.02
1715.08
1780.09
1977.08
1910
1924
1916.05
1896.07
1904.07
1890.09
1905.08
1917.03
1736.01
1716.01
1714.09
1708.09
1716.08
1707.04
1710.07
1709.08
1742.05
1938.04
1928.06
1887.03
1895.02
1892.09
1896.07
1886.03
1907.07
1902.03
1801.04
1712.03
1712.02
1707.04
1709.05
1715.09
1711
1706.07
1707.08
1873
1948
1902.09
1898.04
1887.09
1883.07
1895.08
1890.05
1897.07
1860.05
1707.07
1704.09
1706.04
1710.06
1709.04
1710.03
1706
1708.01
1820.09
1965.06
1892.06
1905.05
1891
1881.05
1885.06
1887.02
1902.08
1888.04
1725
1718.01
1712.03
1713.03
1718.08
1716.07
1711.01
1712.01
1762.09
1949.09
1914.07
1896.09
1901
1884.09
1889.08
1896.03
1887.09
1894.02
1764.04
1709.02
1714.04
1715.05
1709.03
1711.03
1719
1709.06
1745.06
1944.07
1923.02
1857.09
1902.03
1887.05
1893.02
1878.09
1904.04
1903.09
1792.01
1715.06
1719.01
1718.07
1714.07
1715.06
1719.03
1716.07
1714
1888.06
1949.05
1910.07
1905.05
1897.05
1884.01
1900.05
1898
1881.03
1838.09
1713.07
1712.07
1717.07
1715.06
1711.02
1719.01
1716.07
1711.05
1792.08
1941
1904.07
1891.08
1883.08
1897.03
1886.05
1893.02
1895.08
1889.06
1734.08
1720.05
1718.02
1711.09
1713.09
1719.02
1711.04
1714.06
1762.08
1957.08
1932.04
1901.05
1907.07
1887.04
1885.05
1895.02
1906.01
1895.07
1756.09
1719
1716.04
1710.08
1717.07
1714.09
1708.08
1713.01
1728.03
1902.01
1924
1896.01
1869.03
1881.01
1893.01
1895.01
1890
1904.04
1820.05
1709.03
1716.01
1716.01
1713.04
1709.04
1712.06
1717.01
1708.06
1710.09
1832.08
1967.03
1902.05
1919.02
1879.08
1915.03
1894
1909.06
1900.06
1879
1717.04
1709.09
1712.01
1719.04
1709.05
1715
1717.07
1710
1793.07
1952.03
1911.03
1889.06
1888.07
1898.05
1891.03
1884.01
1887.09
1890.02
1746.04
1715
1718.02
1712
1710.07
1717.07
1712.09
1711.06
1753.02
1932.08
1933.05
1915.01
1897.03
1887.02
1890.07
1901.09
1897.03
1907.09
1780.02
1716.04
1717.05
1710
1714.09
1717.07
1712.01
1720.09
1724.06
1913.04
1931.04
1873.01
1882.07
1876.08
1883.05
1890.01
1885.05
1902.07
1817.02
1711.06
1716
1714.04
1710.06
1717.01
1711
1712.03
1716.09
1830.01
1971.01
1901.05
1888.02
1896.02
1897.09
1897.01
1873.08
1901.03
1876.07
1708.03
1714.09
1714.01
1709.09
1714.08
1716.07
1712.06
1710.09
1759
1930.01
1904.03
1917.03
1891.02
1888.04
1871.01
1894.03
1891.03
1895.07
1785.01
1711.06
1717.03
1716.08
1711.06
1713.09
1717.05
1710.06
1715.02
1908.05
1947.07
1898
1909.01
1900.03
1903.01
1901.09
1919.05
1899.01
1840.03
1715.03
1710
1708.01
1711.07
1714.08
1709.02
1707.06
1713.07
1819.01
1949.09
1892.08
1902.04
1878.02
1900.02
1893.05
1879.06
1897.03
1867.03
1715.08
1718.06
1714.07
1712.02
1712.06
1717.01
1718
1716.02
1836.05
1963.04
1912.03
1883.01
1901.09
1914.02
1902.01
1904.07
1893.01
1880.09
1717.06
1715.03
1712.07
1716.09
1720.05
1714.05
1711.06
1715.08
1809.01
1951.02
1901
1895.09
1919.05
1897.05
1891.06
1903.02
1888.09
1897.05
1724.05
1714.01
1716.09
1719.02
1715.09
1714
1712.06
1715.01
1777.08
1951.08
1926.06
1899.05
1904.05
1904.05
1892.05
1891
1898.03
1912.02
1761.01
1717.03
1715
1712.03
1718
1718.01
1711.04
1715
1746.01
1915.09
1932.06
1887.07
1890.07
1899.09
1888.02
1888.02
1902.04
1897
1784.08
1718.09
1714.04
1715.06
1901.07
1818.05
246.8
220.1
220.8
221.2
206.4
215.7
210.9
212.9
206.1
215.8
207.0
216.1
220.0
203.3
219.5
222.4
207.6
214.3
220.1
139.3
3.1
3.2
111.8
278.8
201.3
196.7
230.7
183.3
150.0
126.2
128.7
106.0
110.4
113.0
106.8
109.5
112.9
138.2
170.9
194.6
172.0
175.9
158.8
170.9
153.8
167.4
151.6
163.1
147.3
162.4
146.0
160.9
146.2
158.6
144.0
157.3
143.0
156.4
142.8
156.3
141.1
154.9
142.8
153.3
139.7
153.7
140.4
151.9
138.9
152.2
122.2
3.3
3.3
3.3
2.9
2.8
2.9
3.0
39.5
234.0
187.0
194.0
198.2
195.6
209.1
207.9
209.7
206.1
214.7
212.0
223.5
210.8
208.8
225.2
214.7
209.3
223.6
211.7
202.7
230.1
60.9
3.0
14.5
226.7
228.8
213.0
201.1
204.7
210.6
196.7
198.0
202.5
195.2
198.0
207.0
202.6
203.6
202.5
194.8
211.5
206.3
198.1
202.4
218.7
108.6
3.0
8.0
216.2
244.4
220.9
212.4
226.9
219.7
125.9
117.8
122.4
110.9
109.8
110.6
114.2
111.5
87.2
106.1
101.8
105.2
100.6
105.0
101.9
104.8
102.3
103.9
101.1
103.8
101.2
104.4
100.6
104.6
100.2
104.9
100.0
104.4
99.9
103.9
100.8
102.7
100.6
103.2
99.7
104.2
98.8
103.7
59.5
3.4
3.1
2.9
2.9
2.9
2.9
2.8
2.9
2.9
2.9
2.9
2.9
2.8
2.8
2.9
2.9
3.3
131.9
246.9
203.9
180.1
193.4
182.0
178.2
179.7
167.8
175.7
168.6
187.9
189.4
189.1
193.4
191.5
214.0
210.5
189.9
215.7
175.4
216.8
193.2
195.3
200.1
180.5
3.2
2.8
2.8
2.9
2.9
2.9
2.9
3.1
57.9
289.4
230.8
197.4
196.5
205.6
203.5
205.6
198.7
200.2
199.6
189.9
195.8
207.6
219.8
196.9
209.5
205.1
205.6
200.3
202.8
198.8
206.2
234.1
198.1
199.7
61.9
2.9
2.8
2.9
2.9
2.9
2.9
3.0
25.5
254.3
233.3
183.1
181.6
198.4
183.8
191.0
195.2
201.9
203.6
214.0
195.2
196.5
191.5
182.5
209.2
192.6
197.1
188.1
192.7
195.0
200.2
199.9
202.7
180.5
88.1
2.9
2.8
2.8
2.8
2.9
2.9
2.9
5.9
202.7
280.3
188.4
227.5
198.9
189.2
203.2
208.8
211.9
185.2
211.4
208.1
202.5
207.0
188.0
187.0
205.0
194.5
216.1
206.1
192.2
210.3
202.8
189.4
205.5
147.6
3.1
2.8
2.9
2.9
2.9
2.9
2.9
3.2
65.4
286.0
211.7
180.0
188.6
185.7
177.5
176.1
179.8
181.6
179.5
191.7
169.3
190.1
192.7
164.4
184.8
208.6
185.0
167.6
185.4
197.1
193.3
191.8
202.2
186.2
54.4
2.9
2.9
2.9
2.9
2.9
2.8
2.9
15.4
249.4
264.3
210.6
184.1
181.9
199.6
200.7
196.3
190.6
186.1
185.2
198.4
213.8
217.8
190.7
200.6
184.8
177.1
191.5
194.9
194.7
197.1
192.8
210.2
198.0
122.4
2.9
2.8
2.9
2.9
2.9
2.9
2.8
3.2
155.6
262.3
202.9
183.2
183.8
172.6
166.6
177.8
164.6
168.8
184.4
172.9
167.0
174.7
177.8
181.1
201.8
195.3
177.2
191.6
172.5
207.9
190.3
190.3
190.3
158.8
3.1
2.8
2.9
2.9
2.9
2.9
2.9
3.1
68.2
276.6
225.9
193.4
188.1
187.5
189.4
200.0
206.6
205.8
195.6
191.8
191.6
193.8
198.4
200.7
199.1
204.8
207.7
216.2
203.9
219.9
191.3
192.0
202.2
199.3
53.3
2.9
2.9
2.8
2.8
2.9
2.9
3.0
15.1
237.6
236.2
189.0
176.9
192.2
190.7
180.2
177.4
185.5
191.9
174.5
187.9
190.2
188.7
175.1
179.9
183.4
202.0
208.0
194.0
203.8
189.1
186.0
188.7
189.5
134.5
3.0
2.8
2.8
2.9
2.9
2.9
2.9
3.2
116.1
302.4
186.3
208.8
195.0
214.5
177.5
183.3
214.3
195.7
174.2
189.5
169.5
199.9
187.8
186.2
188.4
201.4
188.2
200.1
202.1
208.1
196.8
197.8
192.0
189.3
3.2
2.9
2.8
2.9
2.9
2.9
2.9
3.1
41.0
284.4
190.6
167.5
197.7
197.9
183.7
191.2
184.3
185.0
174.9
191.1
185.6
185.0
184.0
205.1
227.2
198.3
187.3
174.0
201.0
205.4
204.5
203.3
203.6
186.8
81.7
2.9
2.9
2.9
2.9
2.9
2.8
2.9
6.8
192.9
254.0
216.6
211.1
183.8
192.4
191.6
182.3
197.3
198.5
186.0
180.5
185.8
184.0
197.2
206.4
185.2
193.5
186.7
184.3
183.1
198.3
186.1
188.6
196.4
153.0
3.1
2.8
2.8
2.9
2.9
2.9
2.9
3.1
70.4
291.7
173.5
170.2
174.2
179.5
192.9
182.9
194.7
203.8
196.2
191.3
195.3
186.2
190.6
177.7
184.0
188.1
181.5
172.3
191.2
184.0
180.3
187.0
176.1
196.8
42.8
2.8
2.9
2.9
2.9
2.8
2.8
2.9
16.6
226.5
248.6
202.1
200.7
206.5
184.8
171.9
208.2
195.9
185.4
186.9
218.9
195.3
180.9
207.8
199.6
199.6
199.5
205.0
172.6
215.5
204.1
177.8
163.3
107.6
3.0
2.9
2.9
2.9
2.9
2.8
2.8
3.3
123.8
264.0
196.4
188.9
190.6
178.5
175.3
190.7
192.3
187.9
192.7
181.9
175.7
179.3
199.3
194.6
188.0
189.0
195.5
183.9
193.8
175.4
185.5
199.4
178.2
193.0
3.1
2.9
2.8
2.8
2.8
2.9
2.9
3.2
70.8
285.4
199.7
161.8
165.8
168.2
177.9
179.9
186.2
192.0
204.1
185.1
188.7
182.5
219.8
191.2
186.8
183.0
182.0
193.3
162.4
189.5
199.4
186.5
170.2
213.2
55.5
2.9
2.8
2.8
2.8
2.9
2.9
3.0
16.6
204.8
250.4
182.6
198.2
180.6
184.6
184.0
178.5
172.0
183.3
168.0
193.9
177.0
180.4
185.1
187.0
183.8
189.5
183.0
176.2
176.6
189.1
172.8
166.7
196.7
133.0
3.0
2.8
2.9
2.9
2.9
2.8
2.8
3.2
131.0
293.1
195.8
181.7
171.2
176.0
190.6
203.8
187.7
188.2
191.3
181.6
192.0
189.6
197.2
203.8
197.6
198.6
215.7
207.2
198.8
206.3
217.6
199.3
221.5
204.9
3.2
2.9
2.8
2.8
2.9
2.9
2.8
3.0
33.3
264.6
170.3
205.2
222.6
204.5
201.9
213.8
208.1
192.1
185.4
175.9
220.8
199.0
184.3
188.5
199.0
191.9
183.4
197.0
189.0
177.9
202.4
182.7
192.5
182.3
77.9
3.2
2.9
2.9
2.9
2.8
2.8
2.8
3.0
18.1
236.6
237.8
184.1
203.6
189.2
192.1
196.3
202.1
193.4
190.7
196.1
217.5
177.5
205.5
187.4
182.6
194.6
213.3
186.9
186.8
191.2
202.6
204.3
203.9
200.6
123.3
3.0
2.9
2.8
2.9
2.9
2.8
2.8
3.1
76.0
277.8
189.6
172.1
181.0
193.0
181.2
192.8
183.2
186.0
200.1
189.1
203.7
171.0
197.0
176.8
162.3
177.6
175.2
187.1
176.4
204.1
182.5
179.0
204.7
199.3
34.0
2.9
2.8
2.8
2.9
2.9
2.9
3.0
23.2
278.0
204.0
224.4
190.7
177.6
202.5
189.6
190.9
202.2
192.5
199.9
185.5
217.4
181.6
209.5
212.9
200.6
200.2
201.9
189.1
219.6
204.1
181.1
200.9
189.1
96.9
2.9
2.9
2.9
2.9
2.9
2.9
2.9
4.7
165.9
278.9
161.3
193.7
186.7
200.4
174.8
193.9
195.3
191.3
176.0
201.9
204.9
194.2
172.8
183.1
179.0
178.5
184.8
184.4
196.8
194.9
180.9
202.3
198.9
130.7
3.1
2.9
2.9
2.8
2.8
2.8
2.8
3.2
77.8
294.4
199.5
182.4
186.6
185.8
177.8
187.7
200.5
196.6
178.1
180.9
180.9
189.0
188.1
183.8
196.1
188.7
186.8
189.0
192.8
180.1
183.6
191.8
185.7
186.6
22.8
2.9
2.9
2.9
2.8
2.8
2.8
3.0
21.2
222.2
241.3
170.4
199.0
190.6
189.2
186.7
172.7
188.9
196.5
178.2
185.8
188.3
182.3
178.3
194.1
179.7
177.8
179.7
159.5
166.1
178.5
173.1
172.2
177.5
91.3
2.9
2.9
2.9
2.9
2.9
2.8
2.9
3.3
171.3
249.2
186.7
196.8
200.9
192.6
191.2
179.8
186.0
190.3
191.4
202.1
190.0
192.0
193.1
208.5
206.6
184.5
180.1
203.3
185.1
185.5
200.2
193.4
182.6
160.1
3.0
2.9
2.9
2.9
2.9
2.8
2.8
3.1
73.5
269.0
195.4
190.6
170.1
171.9
186.8
178.5
181.7
173.0
187.4
180.6
176.1
174.3
184.5
185.5
186.6
168.7
179.3
183.6
173.2
178.0
183.9
161.6
185.0
207.3
42.2
2.9
2.9
2.9
2.9
2.8
2.8
2.9
19.8
274.5
208.1
208.5
190.0
185.2
201.8
191.6
187.9
194.7
183.1
189.6
181.2
161.2
197.7
176.4
184.0
187.1
186.7
181.2
181.4
196.1
191.2
189.4
187.9
196.0
101.0
3.0
2.8
2.8
2.8
2.9
2.9
2.9
3.2
99.2
287.3
199.2
207.3
174.4
175.4
181.4
181.1
182.2
184.3
179.3
177.0
183.1
159.9
194.8
198.9
184.6
180.2
189.8
190.8
177.9
171.8
188.1
170.8
173.0
183.5
31.5
2.8
2.8
2.9
2.9
2.9
2.9
2.9
13.7
244.7
217.6
203.4
204.0
199.1
189.1
190.9
190.9
201.4
199.8
186.0
186.9
191.8
177.3
208.1
176.8
192.3
214.5
215.6
194.4
196.8
221.6
172.0
199.0
195.2
117.0
2.9
2.9
2.9
2.9
2.8
2.8
2.8
3.3
137.4
284.7
185.4
193.2
168.1
180.7
157.5
182.2
177.7
174.4
178.1
193.1
185.8
190.6
185.7
180.3
187.3
202.8
208.4
192.8
168.1
184.0
213.9
192.5
177.1
147.6
3.1
2.9
2.9
2.9
2.8
2.9
2.8
3.1
77.3
285.1
225.2
190.0
181.6
205.3
183.3
179.7
182.6
187.8
183.7
188.9
204.7
207.0
199.6
195.6
183.3
182.1
180.7
181.1
184.5
195.4
182.8
189.8
199.8
192.3
34.0
2.8
2.8
2.9
2.9
2.9
2.9
3.0
20.7
214.2
232.3
201.8
206.0
192.9
184.5
188.9
169.3
169.2
159.7
173.9
194.7
165.4
180.4
185.3
181.4
178.7
172.9
185.1
171.7
152.9
172.7
185.5
177.1
197.6
108.9
3.0
2.9
2.9
2.8
2.8
2.8
2.9
3.3
109.1
280.6
229.0
194.2
188.8
186.5
177.4
210.8
175.1
188.3
184.8
182.3
176.8
193.6
197.2
189.3
213.8
188.7
219.5
198.3
195.6
216.0
193.1
213.4
217.2
218.2
4.9
2.8
2.8
2.9
2.9
2.9
2.8
3.0
35.6
251.2
237.4
187.3
211.9
193.5
189.9
191.8
195.4
179.4
199.3
192.9
200.8
182.1
184.6
180.9
181.5
203.3
131.7
3.1
2.9
2.9
2.9
2.8
2.9
2.8
3.1
66.7
270.8
206.0
190.9
199.8
200.4
200.6
191.9
177.0
200.9
53.5
2.9
2.8
2.8
2.8
2.8
2.9
3.0
23.7
284.5
182.5
218.0
201.2
183.4
195.5
214.0
180.8
192.6
89.2
2.8
2.9
2.8
2.9
2.9
2.9
2.9
5.8
179.6
268.4
189.8
190.3
178.0
190.6
185.5
185.9
196.1
136.5
3.0
2.9
2.8
2.9
2.9
2.9
2.9
3.2
92.3
288.3
213.3
195.3
186.9
192.9
196.8
183.3
193.6
198.4
15.0
2.9
2.9
2.9
2.9
2.9
2.9
3.1
43.5
262.8
230.5
177.4
198.4
197.7
193.6
168.7
186.5
188.4
66.5
2.8
2.8
2.8
2.8
2.9
2.9
2.9
9.9
210.8
229.2
187.1
191.7
193.4
205.2
180.2
175.2
192.2
144.5
3.0
2.9
2.8
2.9
2.9
2.8
2.8
3.2
105.3
279.4
197.4
171.9
189.1
184.1
187.1
190.8
181.3
15.9
2.9
2.9
2.9
2.9
2.8
2.8
3.0
29.8
279.3
182.2
210.7
207.8
190.3
188.1
200.4
192.9
187.9
75.8
2.8
2.9
2.9
2.9
2.9
2.9
2.9
9.9
199.0
256.8
189.9
188.5
177.6
188.5
198.6
188.5
195.7
140.3
3.0
2.8
2.9
2.9
2.9
2.9
2.9
3.1
93.3
291.8
194.7
197.2
190.1
199.4
203.7
204.0
186.7
191.5
11.1
2.9
2.9
2.8
2.8
2.8
2.9
3.1
29.1
246.2
227.0
185.5
196.9
194.0
173.0
187.2
189.2
184.7
105.1
3.0
2.8
2.8
2.8
2.9
2.9
2.9
3.3
121.3
289.2
197.5
204.1
194.3
185.6
203.2
197.7
196.8
184.3
3.1
2.9
2.9
2.8
2.8
2.8
2.9
3.1
66.2
270.9
204.3
182.8
185.0
183.5
193.3
182.8
179.5
182.9
61.5
2.9
2.9
2.8
2.8
2.8
2.8
2.9
12.5
209.7
230.9
186.6
194.5
202.7
181.0
187.2
180.7
182.1
115.9
2.9
2.8
2.8
2.9
2.9
2.9
2.9
3.3
143.3
268.7
180.1
190.4
197.6
185.2
192.2
187.4
195.7
179.0
3.0
2.9
2.8
2.9
2.8
2.9
2.9
3.2
75.5
299.3
196.1
195.3
182.2
192.9
193.6
193.5
188.5
194.0
33.4
2.8
2.9
2.9
2.9
2.9
2.9
3.0
27.2
240.0
237.0
178.4
202.4
186.0
190.6
196.8
198.1
188.5
105.9
3.0
2.9
2.8
2.8
2.7
2.8
2.9
3.3
147.5
278.4
201.8
201.0
183.6
178.1
190.5
194.7
187.2
153.8
3.1
2.9
2.8
2.8
2.8
2.9
2.9
3.2
69.6
266.0
221.6
181.2
187.2
191.3
180.2
179.7
170.8
177.0
50.6
2.8
2.8
2.9
2.9
2.9
2.8
3.0
22.9
257.5
195.5
196.7
201.7
197.1
202.7
187.1
194.9
187.9
74.6
2.8
2.9
2.8
2.9
2.9
2.9
2.9
4.5
164.7
256.7
192.0
186.6
170.0
186.5
184.2
175.4
184.4
167.4
3.1
2.8
2.8
2.9
2.9
2.9
2.9
3.0
50.9
277.6
223.0
204.0
182.9
191.6
204.4
201.4
189.9
213.5
56.9
2.9
2.8
2.8
2.8
2.8
2.9
3.0
19.7
218.5
223.3
197.5
196.1
188.1
198.8
185.7
170.2
192.8
109.6
2.9
2.8
2.8
2.8
2.8
2.9
2.9
3.3
151.6
275.4
203.6
209.0
212.0
207.3
200.9
194.2
196.6
160.6
3.0
2.9
2.9
2.8
2.8
2.8
2.8
3.2
83.5
285.9
199.0
177.6
172.8
186.9
203.9
188.5
187.7
197.5
12.9
2.9
2.9
2.9
2.9
2.8
2.8
3.0
28.5
258.4
223.8
191.1
195.0
186.6
185.3
191.2
192.6
191.7
70.7
2.9
2.8
2.8
2.8
2.8
2.9
2.9
3.3
135.7
255.3
192.8
192.8
185.5
191.3
189.7
196.7
194.4
162.5
3.0
2.8
2.8
2.9
2.9
2.9
2.8
3.2
88.5
296.2
183.6
193.1
188.6
196.4
196.3
201.8
195.3
188.4
16.4
2.9
2.9
2.8
2.8
2.8
2.8
3.0
29.1
245.6
206.6
175.7
175.7
183.6
197.1
184.0
176.0
187.5
98.2
2.9
2.9
2.9
2.8
2.8
2.8
2.8
3.3
160.9
260.7
202.8
191.4
191.1
188.9
194.0
186.2
191.3
167.5
3.1
2.8
2.8
2.9
2.9
2.8
2.8
3.1
66.9
277.3
173.9
200.2
181.0
184.1
192.2
181.6
196.9
195.7
58.9
2.8
2.8
2.8
2.8
2.8
2.9
3.0
11.9
219.2
258.2
181.7
204.7
179.7
196.3
199.7
212.3
192.3
116.1
3.0
2.9
2.9
2.9
2.9
2.9
2.8
3.2
86.6
283.3
92.8
3.0
2.8
2.8
2.8
2.8
2.8
2.9
3.3
124.0
256.3
211.0
193.3
177.1
178.6
184.6
195.2
200.4
196.0
179.2
163.6
187.3
200.4
195.4
189.6
173.7
197.9
197.7
193.7
186.2
189.6
187.6
203.4
200.5
185.3
12.0
2.8
2.9
2.9
2.9
2.8
2.8
3.0
38.6
251.5
216.2
209.6
205.3
189.8
189.4
196.7
194.4
206.2
207.4
196.9
210.7
177.5
208.0
191.9
191.8
194.3
191.8
201.5
198.2
187.0
188.5
203.8
186.3
192.4
52.2
2.9
2.9
2.9
2.8
2.8
2.8
2.9
15.7
217.3
239.8
187.4
161.1
203.1
168.9
192.0
188.8
175.6
182.1
187.2
173.3
202.0
199.1
190.1
175.2
161.8
197.8
195.9
205.8
188.0
192.0
186.0
210.8
181.1
106.7
2.9
2.8
2.8
2.9
2.9
2.8
2.9
3.2
133.0
279.3
192.4
198.2
180.8
185.6
202.9
198.7
188.5
189.6
196.5
193.9
196.9
215.6
188.4
190.5
202.4
206.9
194.4
204.4
196.7
204.0
187.3
199.5
203.8
171.3
3.1
2.9
2.8
2.8
2.8
2.8
2.9
3.2
80.2
279.7
197.7
190.1
197.9
177.0
177.4
193.9
197.8
181.1
194.2
172.3
195.2
192.6
182.4
183.9
185.0
182.9
172.6
196.4
188.7
196.9
180.3
179.3
192.1
193.9
25.3
2.9
2.9
2.9
2.9
2.9
2.9
2.9
19.8
251.7
241.7
195.1
198.5
197.8
192.8
186.4
188.0
192.0
180.3
188.7
184.1
182.9
189.1
185.6
201.3
190.7
201.9
197.8
199.5
211.6
203.9
205.6
212.9
191.8
98.0
2.8
2.9
2.9
2.9
2.9
2.8
2.9
10.3
200.7
261.3
182.7
160.3
180.2
164.8
159.9
185.2
185.0
184.3
185.9
182.9
194.2
195.3
204.0
188.2
197.4
193.6
195.6
213.3
177.8
194.8
193.9
213.1
212.6
143.1
2.9
2.9
2.9
2.8
2.9
2.8
2.8
3.2
139.1
283.1
204.4
221.0
201.3
195.0
193.1
183.5
188.3
192.9
193.6
201.4
193.2
194.6
179.9
194.6
193.9
189.1
187.0
178.7
198.2
190.2
196.7
199.6
199.1
165.6
3.1
2.9
2.9
2.9
2.8
2.8
2.8
3.1
79.8
273.6
196.7
200.6
173.2
173.9
190.1
182.5
194.9
179.2
196.0
175.1
181.2
182.8
189.9
190.6
190.1
192.3
189.6
194.6
182.8
167.9
195.1
197.4
184.8
188.7
31.0
2.8
2.8
2.9
2.9
2.9
2.9
3.0
39.3
262.6
237.4
192.9
184.6
198.9
186.7
196.2
197.8
174.6
175.6
190.4
180.3
183.4
188.2
181.3
209.5
188.4
179.5
199.7
192.7
188.1
203.0
209.3
199.3
186.4
48.3
2.8
2.8
2.9
2.9
2.9
2.9
2.9
18.7
226.9
237.0
184.7
187.2
190.1
163.3
180.9
170.4
170.1
168.6
190.5
184.8
185.0
184.3
194.5
176.1
180.0
199.5
184.1
174.9
182.5
188.8
193.5
197.3
123.4
2.9
2.8
2.8
2.8
2.8
2.9
2.9
3.3
143.0
285.9
199.2
186.1
183.6
197.6
197.9
196.2
182.8
189.6
202.7
196.9
192.7
183.7
179.9
188.9
193.1
201.2
204.7
197.6
198.1
186.4
200.4
201.7
199.0
164.1
3.1
2.9
2.9
2.8
2.8
2.8
2.8
3.2
84.2
299.0
179.8
198.5
184.9
177.8
206.1
187.4
182.0
199.1
188.7
168.9
188.9
181.6
191.1
175.7
177.7
203.1
180.2
198.1
182.5
192.4
211.5
168.7
199.3
197.6
31.0
2.9
2.9
2.9
2.8
2.8
2.8
2.9
24.1
267.8
224.4
223.3
174.4
194.4
195.7
200.4
208.7
187.0
200.7
210.3
208.8
196.4
197.0
187.0
190.7
199.2
181.0
198.0
200.4
207.0
194.0
206.7
208.2
183.9
83.1
2.9
2.8
2.8
2.8
2.9
2.9
2.8
3.3
148.3
291.4
160.9
208.3
211.2
189.8
188.7
197.3
197.6
196.7
198.3
200.1
190.3
188.2
180.4
208.8
198.4
181.1
189.5
173.1
179.4
186.4
182.5
183.6
180.8
165.6
3.1
2.8
2.8
2.8
2.9
2.8
2.8
3.0
59.9
287.3
212.1
180.6
185.5
165.5
172.2
169.3
190.8
195.8
182.0
199.5
199.7
200.5
211.5
186.4
186.2
190.2
177.2
195.6
188.0
179.5
184.8
194.9
192.4
204.5
31.2
2.8
2.9
2.9
2.9
2.9
2.8
2.9
17.5
213.2
237.1
180.9
179.4
177.3
166.2
184.4
175.2
170.9
195.1
194.5
187.0
178.8
188.8
198.0
192.0
207.8
190.8
172.2
202.0
212.8
193.6
181.3
208.9
184.0
99.0
2.9
2.8
2.9
2.9
2.9
2.9
2.8
3.2
143.2
272.8
207.4
189.9
180.9
197.2
192.1
189.8
194.5
192.4
180.1
206.2
203.2
193.9
180.9
205.9
214.4
194.1
191.9
198.5
193.5
221.5
194.3
194.6
196.2
154.1
3.0
2.9
2.9
2.9
2.9
2.9
2.8
3.0
51.7
261.6
221.8
180.9
199.3
190.5
176.0
201.0
183.6
184.8
161.1
191.1
185.8
181.6
176.9
182.8
186.5
177.1
167.9
177.5
172.1
179.1
165.5
198.7
189.0
193.1
67.0
2.8
2.8
2.8
2.8
2.8
2.9
3.0
19.5
261.1
223.9
221.8
190.8
204.0
220.7
194.4
187.8
196.7
205.6
208.7
196.9
184.8
191.2
202.9
188.3
185.6
210.5
190.2
186.1
180.0
205.1
176.1
184.2
212.3
96.9
2.9
2.9
2.9
2.8
2.8
2.8
2.8
3.3
126.9
294.3
170.8
189.3
167.0
155.3
197.0
180.0
195.7
193.2
203.4
198.5
182.8
169.0
180.4
186.9
187.0
179.7
193.1
178.6
168.8
173.7
168.6
190.0
172.9
182.3
3.1
2.9
2.8
2.8
2.8
2.8
2.9
3.1
49.3
267.3
214.0
218.7
188.3
178.8
173.8
196.8
211.0
203.8
190.6
214.0
213.0
189.9
210.6
193.2
203.3
190.9
220.4
211.7
192.8
190.2
214.5
196.0
214.1
202.2
58.9
2.9
2.9
2.9
2.9
2.9
2.8
2.9
13.0
199.9
237.6
219.8
202.2
180.4
167.8
199.8
188.9
193.3
174.6
184.9
189.7
180.1
203.2
185.3
163.4
187.9
180.7
177.9
188.4
184.7
183.8
194.3
172.8
194.1
122.4
3.0
2.9
2.9
2.8
2.9
2.8
2.8
3.1
86.9
286.0
221.6
184.5
192.3
173.9
198.6
179.1
174.3
197.2
200.1
179.0
194.2
200.1
199.9
205.1
206.2
191.1
206.1
206.7
215.4
202.6
204.1
202.7
194.2
226.3
22.1
2.8
2.8
2.8
2.8
2.9
2.9
3.0
25.6
233.5
233.6
194.1
205.2
168.7
171.5
175.1
170.2
176.2
195.9
181.2
176.9
183.5
176.2
189.1
192.6
177.1
178.7
186.1
182.6
182.3
187.8
184.8
189.0
184.2
82.5
2.8
2.8
2.9
2.9
2.9
2.8
2.8
5.5
192.3
238.2
212.8
195.5
199.5
175.0
192.0
196.4
192.6
190.0
175.5
212.4
172.2
191.9
191.6
197.3
189.6
205.1
200.4
196.3
193.1
186.5
193.5
187.5
203.8
157.0
3.0
2.9
2.8
2.8
2.9
2.9
2.9
3.2
82.5
272.0
205.9
191.3
213.0
187.0
193.5
188.8
188.5
180.7
187.9
179.4
192.8
180.1
190.7
184.2
187.0
191.9
174.3
178.9
196.7
175.0
161.9
180.5
190.6
182.5
34.8
2.9
2.9
2.9
2.9
2.8
2.8
3.0
28.3
257.3
227.9
184.7
171.1
188.1
185.6
196.8
180.5
176.6
200.9
188.7
200.6
196.3
175.0
191.4
165.6
186.2
184.1
199.5
185.3
199.9
201.5
188.2
199.0
209.3
79.8
2.9
2.8
2.8
2.9
2.9
2.9
2.9
5.9
176.1
268.2
185.6
203.5
154.7
187.8
196.8
177.3
179.9
188.3
197.3
187.9
187.8
192.0
192.7
191.2
194.8
194.7
185.2
200.9
201.8
196.2
190.1
181.7
193.0
147.4
3.1
2.8
2.9
2.8
2.8
2.8
2.9
3.1
67.2
278.5
231.2
193.1
200.9
176.6
207.7
206.2
196.8
178.2
192.4
186.9
199.3
180.4
179.4
182.5
183.7
191.5
211.1
185.7
206.6
198.5
186.4
198.2
186.1
209.8
41.4
2.9
2.9
2.8
2.8
2.9
2.9
2.9
10.3
194.9
267.4
185.9
200.4
184.6
177.5
178.2
181.8
180.6
178.7
172.3
182.7
184.3
203.8
192.4
163.7
183.8
187.1
180.0
175.3
195.5
190.0
169.9
185.9
199.6
112.5
2.9
2.9
2.9
2.9
2.8
2.9
2.8
3.2
142.4
267.4
202.9
184.9
188.9
196.6
201.0
194.7
166.1
191.3
187.7
199.7
202.5
198.7
197.3
200.2
208.2
200.8
204.8
206.0
176.6
195.4
201.8
189.2
205.7
165.2
3.0
2.9
2.9
2.8
2.9
2.8
2.8
3.1
87.2
278.4
207.8
189.0
181.0
179.9
188.6
173.9
170.1
180.9
208.7
180.2
193.6
174.6
188.7
181.3
176.9
180.2
183.8
196.4
189.5
189.0
194.0
193.2
195.9
191.8
35.7
2.9
2.9
2.9
2.8
2.8
2.8
2.9
29.5
277.6
228.9
178.2
174.6
204.3
203.3
199.9
185.3
193.2
202.5
199.1
185.3
191.4
167.8
197.6
184.4
187.0
191.3
177.1
178.5
193.2
181.9
188.1
206.1
187.4
73.0
2.9
2.9
2.8
2.8
2.8
2.8
2.8
3.3
151.5
268.8
191.9
169.3
181.1
177.1
176.4
173.8
188.8
180.4
173.6
193.8
193.7
192.1
186.3
173.5
193.2
186.8
196.3
159.9
3.1
2.9
2.8
2.8
2.9
2.9
2.9
3.0
31.6
254.9
208.5
195.4
200.2
188.0
186.6
181.3
193.4
186.7
93.3
2.9
2.9
2.9
2.8
2.8
2.8
2.8
3.2
138.9
259.9
209.9
201.8
183.6
191.7
206.1
201.4
181.4
183.8
3.0
2.9
2.9
2.9
2.9
2.8
2.8
3.1
78.5
268.5
230.5
185.8
179.8
196.5
184.2
198.8
196.8
192.5
55.8
2.9
2.8
2.9
2.9
2.9
2.9
3.0
29.3
256.2
243.0
206.3
195.1
198.0
189.7
194.7
197.4
188.2
94.7
2.8
2.8
2.8
2.8
2.9
2.9
2.9
7.8
196.0
236.8
201.0
197.3
176.0
193.8
192.1
185.5
177.6
129.7
2.9
2.9
2.9
2.9
2.8
2.8
2.8
3.3
148.7
290.8
183.9
201.3
202.6
188.5
190.4
206.2
194.8
151.1
3.0
2.8
2.9
2.9
2.9
2.9
2.9
3.1
289.7
189.0
164.5
184.9
175.9
177.3
173.6
180.6
200.2
44.9
2.9
2.9
2.9
2.8
2.8
2.8
2.9
14.2
225.0
255.0
184.0
189.7
161.3
202.2
193.0
180.3
189.3
124.7
3.0
2.9
2.8
2.8
2.8
2.8
2.9
3.2
98.3
285.6
195.2
188.8
168.1
177.6
191.2
184.8
169.5
195.7
20.9
2.9
2.8
2.8
2.7
2.9
2.9
3.1
47.7
254.7
231.7
212.3
217.3
199.7
184.7
179.0
198.7
197.4
77.9
2.9
2.9
2.9
2.8
2.8
2.8
2.9
8.5
199.8
243.2
202.8
211.6
194.0
197.0
192.6
179.6
182.8
132.8
3.0
2.9
2.9
2.8
2.8
2.8
2.9
3.3
160.8
287.6
196.1
205.5
189.5
192.6
190.9
198.9
201.1
174.2
3.1
2.8
2.8
2.8
2.9
2.9
2.7
3.0
59.2
290.3
177.7
159.5
200.3
195.3
179.7
183.4
189.9
184.4
56.0
2.8
2.8
2.8
2.8
2.9
2.9
2.9
9.6
216.0
251.6
195.8
190.0
192.9
181.9
198.5
202.9
184.8
133.6
2.9
2.8
2.9
2.9
2.9
2.8
2.7
3.2
131.9
260.6
207.0
199.6
197.5
185.2
189.5
195.6
190.5
179.7
3.1
2.8
2.8
2.9
2.9
2.9
2.8
3.0
54.2
274.9
217.2
188.8
187.8
192.8
196.2
189.1
191.5
193.9
66.3
2.8
2.9
2.9
2.8
2.9
2.8
2.9
11.0
207.2
232.2
179.9
186.2
195.6
187.9
190.1
201.0
188.5
140.5
2.9
2.8
2.9
2.9
2.8
2.8
2.8
3.2
112.1
309.4
204.5
205.7
220.1
196.6
206.6
212.3
218.2
195.2
11.9
2.9
2.8
2.8
2.8
2.9
2.9
3.0
32.4
291.6
167.9
194.8
208.2
205.4
207.5
203.1
194.2
183.7
86.8
2.8
2.8
2.9
2.9
2.9
2.8
2.8
5.6
190.2
271.2
185.5
189.9
181.2
185.0
193.3
193.4
195.2
142.3
3.0
2.9
2.8
2.9
2.9
2.9
2.9
3.2
115.5
273.8
201.7
214.8
189.7
182.3
189.3
195.7
191.5
184.4
9.7
2.9
2.8
2.8
2.9
2.8
2.8
3.1
57.9
273.3
240.3
186.0
195.7
204.1
189.6
171.7
175.6
186.5
49.7
2.8
2.8
2.8
2.9
2.9
2.9
2.9
19.8
243.9
199.3
186.1
186.7
187.6
185.3
188.2
198.2
201.8
122.8
3.0
2.8
2.8
2.8
2.9
2.9
2.9
3.2
121.5
308.1
186.3
211.8
204.1
204.7
199.6
204.4
209.7
178.8
3.1
2.8
2.8
2.9
2.9
2.9
2.9
3.1
50.6
291.2
190.5
197.8
184.9
199.2
186.3
189.1
197.6
201.7
60.3
2.8
2.8
2.9
2.9
2.9
2.8
2.9
15.4
229.0
242.0
199.3
195.7
194.0
180.1
200.2
194.1
185.4
117.3
2.9
2.9
2.8
2.8
2.8
2.9
2.9
6.3
186.8
245.7
196.6
204.6
205.8
202.3
208.1
192.6
202.3
164.9
3.0
2.9
2.9
2.9
2.9
2.8
2.9
3.1
80.7
288.3
215.2
191.5
191.0
193.7
197.4
197.2
196.3
189.9
33.2
2.9
2.8
2.9
2.9
2.9
2.9
3.1
50.7
297.7
192.0
182.9
196.9
201.5
201.8
195.9
196.7
191.0
58.1
2.8
2.9
2.9
2.9
2.8
2.9
2.8
14.0
223.3
259.5
193.6
184.4
185.1
194.7
188.6
193.9
190.2
111.8
2.9
2.8
2.8
2.8
2.8
2.9
2.9
3.3
151.4
257.4
197.4
184.6
214.6
192.0
180.7
186.6
196.5
176.7
3.1
2.8
2.8
2.9
2.9
2.8
2.9
3.0
54.9
284.0
220.1
200.7
214.2
196.6
189.2
190.1
189.9
184.4
49.8
2.8
2.8
2.8
2.8
2.9
2.9
2.9
13.7
222.4
212.7
207.0
196.8
182.7
178.4
200.6
187.0
181.3
139.5
2.9
2.9
2.9
2.8
2.8
2.9
2.9
3.2
101.7
284.7
213.0
195.3
201.7
196.6
199.3
183.4
188.9
186.4
4.7
2.8
2.9
2.9
2.9
2.9
2.8
3.0
37.5
278.0
192.1
180.1
195.1
192.9
179.3
195.4
197.7
187.7
76.3
2.8
2.8
2.8
2.8
2.9
2.9
2.9
8.8
208.9
247.6
185.6
199.2
204.4
197.5
197.3
197.3
199.3
125.0
2.9
2.8
2.9
2.9
2.8
2.8
2.9
3.3
158.4
252.0
197.9
186.5
202.1
200.9
188.4
197.5
194.8
156.4
3.0
2.8
2.8
2.9
2.9
2.9
2.8
3.1
73.7
285.4
212.5
214.0
200.2
208.1
209.5
192.7
169.7
208.8
31.2
2.8
2.9
2.8
2.9
2.9
2.8
3.0
24.2
256.2
221.3
190.7
193.9
194.4
199.4
204.4
189.8
191.9
108.9
2.9
2.9
2.8
2.8
2.8
2.8
2.8
3.3
185.4
283.5
201.5
185.6
200.2
202.8
201.0
194.4
184.1
160.0
3.0
2.8
2.9
2.9
2.9
2.9
2.8
3.2
96.1
274.8
219.7
198.7
189.6
184.0
189.5
194.6
181.9
194.4
23.2
2.7
2.8
2.9
2.9
2.9
2.8
3.0
41.2
258.3
233.4
184.7
197.3
190.5
190.1
201.4
188.3
202.6
79.5
2.9
2.8
2.8
2.9
2.8
2.8
3.0
16.3
237.0
211.1
204.4
209.2
201.8
206.0
205.4
173.1
182.5
123.4
2.9
2.8
2.8
2.8
2.9
2.9
2.9
3.2
130.5
276.3
202.2
204.3
205.5
196.9
207.9
202.8
217.5
167.2
3.0
2.9
2.9
2.9
2.8
2.8
2.8
3.1
103.3
275.2
209.7
194.4
185.8
183.9
185.4
192.4
193.4
181.7
2.6
2.9
2.9
2.9
2.8
2.7
2.8
3.1
39.4
276.3
210.6
195.9
143.0
17.2
21.4
26.3
26.3
26.1
26.4
26.0
26.2
25.9
26.1
26.1
26.0
26.2
26.0
26.1
25.9
26.0
20.6
16.4
16.2
16.3
16.3
16.2
16.2
16.2
16.1
16.5
161.1
207.2
151.7
154.3
151.6
136.7
16.1
15.9
15.8
15.9
15.9
15.9
15.9
15.9
15.9
15.9
15.9
16.2
79.5
212.5
167.1
144.7
142.5
146.7
21.5
15.9
15.9
15.9
15.9
15.9
15.9
15.9
15.9
15.9
15.9
16.2
56.3
228.9
145.9
146.3
148.5
149.9
54.4
16.0
16.0
16.0
6.8
2.7
2.8
2.8
2.8
2.9
2.9
2.8
2.8
2.8
25.1
19.1
16.0
15.6
15.5
15.9
15.8
15.6
15.6
15.6
15.6
15.6
15.6
15.6
15.6
15.6
15.7
15.6
15.7
15.7
5.9
2.9
2.8
2.8
2.8
2.7
2.8
2.9
2.9
2.8
7.7
8.7
8.7
8.8
8.8
8.8
8.7
8.8
8.7
8.7
8.7
8.8
8.7
8.7
8.7
8.7
8.7
8.8
8.7
8.6
8.6
8.7
8.7
8.8
8.7
8.7
8.7
8.6
8.7
8.7
8.7
8.6
8.6
8.7
8.6
8.7
8.7
8.6
8.6
8.6
8.6
8.7
8.7
8.7
8.6
8.6
8.6
8.6
8.6
8.7
8.6
8.6
8.6
8.5
8.6
8.6
8.6
8.6
8.6
8.5
8.6
8.5
8.6
8.6
8.6
8.6
8.6
8.6
8.6
8.6
8.7
8.7
8.5
8.6
8.5
8.6
8.7
8.6
8.5
8.6
8.5
8.6
8.6
8.6
8.6
8.5
8.5
8.5
8.6
8.6
8.6
8.5
8.5
8.5
8.6
8.6
8.5
8.5
8.5
8.5
8.6
8.6
8.6
8.5
8.5
8.5
8.5
8.5
8.6
8.6
8.4
8.4
8.5
8.6
8.6
8.5
8.5
8.5
8.5
8.6
8.6
8.5
5.1
2.8
2.8
2.9
2.8
2.8
2.9
2.8
3.1
77.0
287.7
302.6
280.9
276.7
276.8
269.0
257.0
259.3
258.9
64.4
2.9
2.8
2.8
2.8
2.9
2.9
3.0
29.2
300.8
278.6
283.9
285.5
295.3
272.2
281.0
289.4
284.7
112.1
2.9
2.9
2.8
2.8
2.7
2.9
3.0
15.7
194.9
341.3
276.9
285.6
262.9
260.3
260.7
262.5
259.6
179.9
3.0
2.8
2.8
2.9
2.8
2.8
2.9
3.2
112.7
345.9
285.1
281.8
288.9
258.9
272.4
273.3
278.5
254.2
3.1
2.9
2.9
2.8
2.8
2.9
2.8
3.2
86.6
310.2
256.8
267.7
279.0
273.9
256.0
255.4
254.1
241.8
50.0
2.9
2.8
2.8
2.8
2.9
2.9
3.0
28.6
297.6
279.9
281.1
277.6
274.0
276.7
264.5
266.2
257.9
123.9
2.9
2.9
2.9
2.8
2.9
2.9
2.9
13.8
178.3
346.3
265.3
271.4
277.3
270.0
255.4
253.0
263.0
171.9
3.0
2.9
2.9
2.8
2.8
2.8
2.8
3.3
134.7
355.5
272.8
292.5
267.7
258.5
264.4
274.4
270.8
218.9
3.0
2.8
2.8
2.8
2.9
2.9
2.9
3.2
99.3
334.0
254.4
252.9
255.6
258.3
266.6
267.6
260.9
281.0
16.8
2.9
2.9
2.8
2.8
2.9
2.9
3.1
46.9
302.4
260.6
280.0
281.3
274.4
231.2
26.4
26.4
26.7
132.4
363.4
291.0
285.8
284.8
271.1
264.6
271.4
249.7
243.2
239.3
228.3
219.4
225.7
216.0
28.1
26.0
26.0
72.7
268.5
231.0
195.9
176.4
182.9
196.1
176.4
175.5
141.2
25.8
23.9
17.9
16.0
9.5
2.9
2.9
2.9
17.0
25.3
19.2
71.9
231.1
167.8
158.9
170.1
165.2
164.7
152.3
155.6
84.4
15.7
20.7
140.3
235.0
126.2
144.5
175.6
145.6
152.0
144.8
139.3
17.6
2.8
11.1
172.7
164.0
115.3
107.5
123.6
105.3
110.7
97.6
87.2
3.1
3.0
51.5
214.3
132.2
88.7
97.3
93.6
126.2
113.5
110.4
45.0
3.1
3.1
47.1
193.9
136.8
75.1
92.0
94.5
85.7
89.1
25.4
25.4
14.5
49.2
210.3
210.3
80.6
95.0
97.0
85.4
100.8
96.3
86.4
75.4
64.3
67.4
70.5
55.5
55.9
57.2
57.9
56.5
56.5
57.0
55.6
55.9
57.1
55.7
55.3
56.2
55.6
97.0
90.7
61.3
57.3
60.7
34.2
16.8
19.6
63.7
55.9
55.2
85.5
156.7
160.5
79.7
59.9
65.5
71.6
69.8
69.0
68.1
67.1
67.9
67.3
67.3
67.9
67.1
66.9
67.1
65.8
66.7
65.7
65.8
66.6
66.1
65.1
67.1
66.4
65.5
67.1
67.1
65.9
67.8
63.4
63.3
65.3
63.6
66.3
73.4
66.3
66.3
66.9
65.7
65.9
66.9
65.4
65.9
65.9
64.3
66.9
65.3
65.8
66.6
65.0
65.2
65.9
65.5
66.1
65.6
64.5
66.4
65.0
64.7
65.3
16.1
16.1
16.1
15.7
14.0
15.2
48.8
58.5
56.5
55.7
55.6
53.4
53.3
55.0
72.3
96.6
66.1
57.2
59.8
54.0
17.4
16.3
46.1
60.7
52.7
41.4
42.4
40.5
40.9
42.3
40.5
40.8
41.9
40.6
41.1
42.4
40.9
40.7
58.8
100.0
119.8
130.8
132.8
83.2
116.9
206.0
214.9
238.7
266.0
278.3
156.3
55.9
18.4
18.1
17.1
16.7
16.4
16.3
16.2
16.2
16.1
17.0
34.4
16.1
16.1
16.1
16.0
16.0
16.1
16.1
16.1
16.0
16.1
15.3
13.5
13.5
11.2
6.7
13.7
10.3
9.1
8.9
8.9
8.8
8.9
33.0
148.3
105.7
87.2
88.7
90.0
90.8
87.2
93.3
92.6
35.2
8.7
8.6
8.6
8.7
8.7
8.5
8.7
9.1
106.7
130.0
97.6
93.4
92.3
90.2
95.8
96.4
93.8
94.9
10.0
8.9
8.8
8.7
8.6
8.6
8.5
8.6
29.1
164.7
126.4
123.3
115.3
112.6
114.0
120.9
117.3
119.4
72.9
8.7
8.6
8.6
8.5
8.5
8.4
8.5
8.9
81.4
222.3
137.4
131.9
133.9
132.6
125.3
127.7
149.4
142.6
26.3
8.6
8.6
8.6
8.6
8.6
8.5
8.6
19.2
191.4
219.0
159.7
152.3
167.8
179.4
162.8
162.3
160.9
141.4
8.6
8.5
8.5
8.6
8.5
8.4
8.5
8.8
106.8
315.3
206.9
199.1
193.2
208.4
199.3
201.0
189.3
196.3
24.4
8.5
8.6
8.5
8.5
8.4
8.4
8.5
35.3
284.4
257.8
216.0
235.9
227.5
234.4
244.2
257.7
235.8
113.1
8.4
8.4
8.5
8.5
8.4
8.4
6.5
16.4
218.0
378.3
219.6
262.8
255.8
263.8
267.4
255.8
261.8
185.9
3.0
2.9
2.9
2.8
2.8
2.8
2.8
3.3
114.9
348.6
281.2
272.0
261.2
253.7
241.4
266.5
266.0
260.8
33.8
2.9
2.9
2.9
2.9
2.8
2.8
3.0
42.1
288.2
322.8
269.3
291.5
265.4
250.3
247.1
263.2
266.7
106.4
2.9
2.8
2.8
2.8
2.8
2.8
2.9
10.4
236.5
325.4
282.3
274.8
264.7
278.6
270.7
263.6
243.1
198.8
2.9
2.8
2.8
2.8
2.9
2.9
2.9
3.2
170.8
367.2
264.1
275.4
254.2
254.7
257.1
248.8
264.3
221.7
3.0
2.8
2.8
2.9
2.9
2.9
2.9
3.2
92.5
369.2
259.6
260.9
264.9
270.6
274.1
258.8
265.0
271.3
28.0
2.8
2.9
2.9
2.9
2.9
2.9
3.0
61.7
324.1
309.5
262.3
249.4
264.7
287.7
250.3
256.3
259.5
67.9
2.9
2.8
2.8
2.8
2.9
2.9
3.0
15.4
254.0
320.3
276.5
279.5
284.5
267.3
253.8
248.7
277.9
175.8
3.0
2.9
2.9
2.9
2.9
2.8
2.8
3.2
124.9
393.1
229.6
282.4
270.1
274.4
252.0
269.2
268.0
265.8
3.2
2.9
2.8
2.9
2.8
2.9
2.9
3.1
62.5
372.4
257.2
261.2
270.8
273.0
265.7
275.4
265.7
265.7
74.2
2.8
2.8
2.9
2.8
2.9
2.9
26.1
26.4
26.0
26.5
172.8
361.4
285.5
243.4
237.3
245.3
220.0
220.0
232.4
219.1
210.4
205.3
206.5
208.4
170.2
25.7
25.6
25.4
73.7
281.7
185.7
180.5
152.3
25.5
25.0
19.4
16.4
16.4
16.1
16.1
16.1
15.2
2.8
2.9
6.8
180.6
183.6
143.5
143.8
143.6
149.7
155.9
147.0
148.9
88.3
3.0
3.2
107.4
242.3
108.2
81.6
100.7
103.5
87.2
72.5
56.6
58.2
60.1
59.7
58.9
57.0
44.3
44.3
60.6
65.9
58.1
58.3
58.0
57.1
71.8
110.5
73.7
59.8
59.9
56.4
19.5
16.7
33.5
64.4
57.6
56.7
136.6
163.1
134.9
65.9
65.0
71.3
71.6
71.4
69.4
68.9
68.1
68.7
68.5
68.1
68.3
68.0
68.1
67.0
67.1
67.8
66.2
68.3
68.2
66.4
67.3
66.8
66.1
67.3
66.8
66.8
66.9
65.6
63.6
65.2
63.9
63.6
71.2
67.9
66.4
66.3
66.1
65.4
65.6
65.9
66.0
65.7
67.1
65.9
65.1
66.0
65.5
65.5
66.6
66.4
65.1
65.8
65.0
64.5
65.8
65.1
65.2
65.9
42.8
16.4
16.4
16.3
15.2
14.2
21.3
62.2
56.1
61.2
56.5
55.9
55.5
55.5
55.6
89.7
90.1
61.3
57.0
59.7
37.8
16.2
20.2
63.5
59.4
55.4
55.4
55.9
55.7
56.2
56.3
55.8
56.0
55.8
55.1
48.1
42.7
42.4
52.9
62.9
123.0
124.8
135.4
120.0
74.7
162.7
205.4
217.9
235.7
253.7
227.3
113.7
103.5
109.7
113.5
113.3
250.9
301.7
304.9
322.7
347.0
368.9
389.9
407.3
427.1
373.9
233.4
183.6
194.1
202.4
205.6
201.1
199.1
196.7
191.3
195.7
189.4
190.1
191.8
202.0
191.9
190.8
191.9
189.8
188.2
189.1
189.6
189.0
191.0
186.5
186.5
187.7
189.1
184.3
186.6
186.8
185.5
184.9
184.4
182.4
184.0
183.4
182.6
183.6
183.7
149.8
19.7
16.5
16.4
14.5
14.3
14.3
14.4
14.2
23.7
16.9
16.5
16.4
16.5
16.5
16.5
16.4
16.4
16.4
16.4
16.4
16.4
16.5
16.4
16.4
16.5
16.5
16.4
16.3
35.8
16.3
16.2
16.2
16.2
16.2
16.2
16.2
16.2
16.2
14.2
14.2
14.0
13.8
14.4
21.9
15.0
14.8
14.6
14.4
14.4
14.3
14.5
19.0
113.8
80.5
59.6
65.6
71.2
69.0
72.2
73.4
75.9
45.1
14.7
14.2
14.4
14.2
14.4
14.2
14.2
14.6
86.8
138.4
95.8
95.3
87.3
89.8
91.9
98.5
101.2
96.7
18.0
14.3
14.3
14.4
14.2
14.3
5.0
2.9
2.9
2.9
2.9
3.0
2.9
2.9
2.8
2.9
2.9
2.9
2.9
2.9
2.9
2.9
2.9
2.8
2.8
2.9
2.9
2.0
0.8
0.7
0.8
0.7
8.4
4.3
3.3
8.0
14.3
14.5
14.3
14.5
14.4
14.5
14.4
14.7
59.9
206.0
116.3
119.6
121.7
117.9
123.3
131.1
126.7
125.1
58.8
14.5
14.2
14.5
14.2
14.4
14.3
14.3
13.5
111.2
218.7
128.1
125.6
158.8
142.0
143.9
141.1
142.8
146.5
18.8
14.0
14.2
14.1
14.3
14.4
14.0
14.4
23.2
200.0
237.9
172.2
145.8
166.7
177.6
163.4
165.3
175.9
129.2
14.6
14.1
14.3
14.1
14.2
12.5
12.1
12.4
100.9
329.2
156.3
211.9
203.0
197.4
192.5
211.9
218.2
208.3
53.6
14.0
13.8
13.9
14.1
13.8
14.0
14.0
26.7
244.9
309.6
251.2
252.7
248.9
229.3
247.0
253.8
235.5
163.0
13.8
13.9
14.0
13.8
14.1
13.9
13.9
14.5
138.5
366.1
29.6
2.9
4.4
14.0
13.9
14.1
13.8
13.8
14.0
13.8
13.9
13.8
13.8
14.0
13.8
13.9
13.9
13.8
4.5
3.0
2.9
3.3
135.7
376.2
274.7
292.5
298.1
281.1
288.7
300.8
290.1
258.5
305.4
309.6
294.5
282.3
318.2
13.3
2.9
3.1
79.4
379.0
285.4
317.3
304.3
299.7
324.2
324.0
306.5
302.2
286.2
322.1
306.3
296.4
307.4
76.5
3.0
3.0
22.6
272.2
361.2
305.6
296.3
270.9
276.5
291.6
289.7
293.1
304.0
303.3
271.4
284.8
306.4
195.6
3.0
2.9
3.2
160.0
400.0
300.5
306.3
287.9
267.6
287.7
291.0
301.3
314.0
312.1
292.5
289.2
288.2
266.3
3.1
2.9
3.1
110.4
351.7
314.5
301.3
307.8
304.9
308.0
297.1
292.1
250.0
302.2
295.8
296.3
287.2
304.2
26.9
3.0
3.2
73.5
368.9
262.0
302.2
295.8
287.5
293.6
292.0
295.1
259.8
276.8
283.7
283.8
287.6
293.2
62.6
2.9
3.0
56.1
310.8
354.3
294.1
294.6
295.8
272.1
265.2
256.6
301.9
293.2
279.5
297.8
310.0
288.3
89.5
3.0
3.0
18.3
250.6
382.5
301.4
298.0
298.8
284.5
302.3
284.2
295.2
288.1
285.8
290.6
298.8
299.3
158.8
3.0
2.9
3.3
178.2
406.9
260.3
294.1
289.5
294.1
298.5
302.2
306.2
298.3
266.0
296.2
303.1
290.1
250.5
3.0
2.9
3.2
106.2
432.6
248.1
295.5
308.1
291.1
268.2
288.2
309.5
270.3
261.0
271.8
280.3
298.5
281.4
30.0
2.9
3.0
51.1
338.6
354.4
288.4
324.8
295.8
292.4
288.9
305.8
304.2
290.4
292.2
306.9
292.1
276.8
93.1
2.9
2.9
13.8
229.4
372.8
291.0
303.7
274.9
269.2
257.9
265.9
280.1
278.2
283.9
286.3
283.5
280.0
162.1
3.0
2.9
4.1
190.1
379.6
278.8
284.7
319.5
312.9
305.5
315.1
310.3
287.7
285.3
288.1
303.1
285.5
248.5
3.1
2.9
3.2
150.6
409.9
255.5
309.9
270.1
287.1
301.3
284.0
285.1
285.1
288.6
266.9
269.1
279.7
270.8
3.1
2.8
3.1
76.5
312.3
365.8
284.2
290.6
300.6
284.5
276.8
272.0
296.3
280.7
282.2
301.4
308.5
297.9
66.4
2.9
3.0
30.2
302.6
356.8
276.9
314.4
294.0
285.1
288.8
277.6
299.1
290.9
277.6
284.8
308.8
296.3
103.2
2.9
3.1
24.2
270.8
358.4
288.5
300.1
286.5
272.8
305.8
306.5
307.8
311.7
285.7
308.0
274.4
291.7
170.3
2.8
3.0
8.6
211.2
366.3
274.8
343.1
320.3
297.0
274.5
294.7
302.9
283.1
300.6
311.7
291.6
290.0
171.7
2.9
2.8
3.3
185.5
400.3
280.6
282.2
306.3
309.0
306.6
280.2
297.0
279.8
278.6
284.3
290.3
298.3
251.1
3.2
2.9
3.1
82.2
404.6
247.9
314.3
317.7
286.5
281.0
281.3
290.2
3.2
2.9
3.3
14.7
14.6
14.6
14.8
14.5
14.7
14.6
14.6
14.7
17.8
26.6
26.5
26.4
26.3
26.6
26.3
26.6
26.2
26.3
26.2
26.4
26.5
26.4
26.4
26.2
26.4
26.2
26.3
26.3
26.5
26.1
26.2
26.0
26.2
26.1
26.0
26.1
26.0
26.1
26.0
26.1
26.0
26.1
25.7
25.8
21.3
17.6
17.1
16.9
16.8
16.7
16.6
16.5
16.6
27.1
224.5
199.2
180.3
161.2
162.4
105.0
16.6
16.2
16.5
16.6
16.0
16.8
16.3
16.0
16.9
16.2
15.8
17.0
107.9
225.2
162.9
167.2
166.3
152.1
29.2
15.8
15.6
16.2
16.6
15.8
15.5
16.1
16.6
16.0
15.7
16.2
64.6
246.3
163.8
154.5
157.7
168.4
60.1
15.8
16.1
16.6
6.3
2.8
2.9
2.9
2.9
2.9
2.9
2.8
2.9
2.9
2.9
2.9
2.9
2.9
2.8
2.8
3.2
103.6
196.6
142.3
139.3
137.6
144.9
133.4
143.6
148.0
125.8
3.2
3.1
35.4
195.6
149.0
94.1
98.8
124.3
96.6
84.5
78.0
67.7
67.4
64.6
67.6
66.8
63.2
67.5
66.9
62.5
66.8
67.0
63.0
65.4
65.8
109.8
112.6
74.9
70.6
78.4
51.6
21.6
45.8
65.5
70.2
58.2
86.1
187.1
184.5
124.5
108.4
109.6
111.3
107.6
107.9
108.6
103.6
105.7
103.7
100.4
103.3
99.7
98.2
100.4
97.6
97.2
99.4
95.7
96.2
97.8
94.9
95.0
96.4
93.3
94.8
94.3
91.5
94.6
90.3
89.0
91.4
89.6
92.2
97.9
90.0
91.2
92.6
89.9
90.6
91.5
88.7
90.6
89.6
88.1
92.3
88.7
88.1
92.0
88.2
89.1
90.1
88.3
88.2
90.1
86.9
88.9
88.3
86.9
89.7
17.9
16.9
16.9
16.4
17.6
59.2
48.3
61.1
67.3
59.0
59.3
61.3
57.6
73.2
110.8
82.6
68.9
65.2
60.9
24.2
22.8
66.6
52.1
57.8
49.9
44.3
47.4
46.1
43.8
47.7
46.7
43.5
47.5
62.5
102.0
142.0
157.6
60.3
17.0
15.1
15.2
15.1
15.0
22.4
18.8
12.8
3.5
3.2
3.2
46.3
162.4
86.1
99.6
93.5
98.5
97.0
97.1
94.9
98.0
28.4
2.9
4.2
127.8
164.7
73.7
68.5
79.1
80.6
73.8
59.8
48.5
49.1
50.1
49.8
47.3
47.0
48.0
46.8
66.8
94.2
135.9
143.0
152.2
107.8
109.6
519.7
471.8
120.5
95.9
119.8
126.5
124.0
117.0
118.2
115.3
115.5
113.4
113.9
112.6
111.6
112.1
111.1
110.8
109.5
109.3
108.5
108.7
107.3
106.6
105.6
106.2
77.3
14.8
23.3
18.1
17.3
17.1
17.1
17.0
17.0
9.1
3.3
3.3
3.4
3.4
3.4
3.4
3.3
3.4
3.3
34.8
50.6
45.2
57.4
58.7
58.8
59.8
59.2
59.3
67.5
105.4
77.7
61.7
60.9
60.0
20.4
15.0
46.1
72.4
60.9
59.8
60.0
59.9
59.4
59.5
60.0
59.2
59.5
59.8
59.4
87.1
129.1
132.4
143.2
100.4
76.8
195.4
200.2
215.2
227.8
242.5
259.9
282.2
301.4
317.5
334.5
209.4
133.2
173.3
194.4
182.4
184.2
188.8
198.8
190.5
193.1
195.3
194.9
199.1
200.3
198.9
203.9
203.6
206.3
209.7
209.5
213.1
213.0
216.0
215.8
219.1
225.5
222.3
224.0
231.5
193.3
178.9
180.5
183.2
180.9
184.3
181.5
184.7
180.1
179.3
175.1
177.0
177.4
189.5
181.2
176.8
177.7
180.7
177.4
179.0
177.9
177.4
175.8
181.6
175.9
176.9
174.9
177.7
173.7
172.7
177.0
175.6
176.6
172.4
175.3
173.8
178.0
174.5
172.1
171.7
172.0
173.0
176.6
171.7
170.0
169.2
172.6
176.9
175.5
175.0
171.5
175.3
172.4
172.0
175.1
169.4
172.9
172.1
174.1
170.2
76.3
17.4
17.4
17.4
17.4
17.3
17.3
17.3
17.4
17.3
17.4
17.3
17.4
17.4
17.3
17.3
17.3
16.6
15.1
15.1
15.1
15.1
22.3
19.1
17.8
17.5
17.4
17.4
17.4
17.3
17.3
17.3
17.3
17.3
17.3
26.2
66.9
60.2
58.5
58.8
90.1
92.3
64.8
60.8
62.8
42.4
17.3
27.1
67.6
61.2
59.3
59.6
59.3
57.6
57.4
57.5
57.4
65.1
61.5
60.0
61.5
120.8
125.3
133.8
126.0
73.1
139.3
190.1
199.2
213.2
225.7
215.3
110.0
94.8
103.2
107.2
106.9
219.1
273.5
274.8
294.0
301.0
161.3
116.1
126.5
139.0
139.6
136.7
134.3
133.0
133.8
132.8
246.9
367.5
348.9
366.2
380.5
232.6
152.5
153.5
169.4
177.7
180.4
176.3
173.7
174.7
173.0
175.8
173.0
175.2
173.5
174.8
174.8
172.8
172.3
174.4
173.0
173.1
173.5
172.6
169.8
173.7
172.4
171.9
170.5
172.6
170.1
178.8
172.7
173.6
171.5
173.4
169.1
168.8
173.1
169.9
172.2
172.1
169.7
171.6
171.2
173.0
170.6
171.5
171.7
171.2
168.9
172.1
172.0
170.9
169.8
172.3
27.4
17.5
17.5
17.5
17.5
15.6
15.4
15.4
15.4
15.3
25.2
18.1
17.8
17.7
17.6
17.6
17.5
17.6
17.5
17.5
17.5
17.4
17.4
17.5
17.5
17.5
17.5
17.5
12.6
21.2
3.4
3.3
3.3
3.3
3.3
3.4
3.4
3.4
3.4
3.3
0.8
0.7
0.7
0.8
0.8
0.8
0.7
0.8
0.7
0.7
0.7
0.7
0.7
0.7
0.8
0.7
0.8
0.7
0.7
0.7
0.7
0.7
0.7
0.7
0.8
0.7
0.7
0.7
0.7
0.7
0.7
0.7
0.7
0.7
0.8
0.8
0.7
0.8
0.7
0.7
0.7
0.6
0.7
0.8
0.8
0.8
0.8
0.7
0.7
0.7
0.8
0.7
0.7
0.7
0.7
0.8
0.7
0.8
0.7
0.7
0.7
0.7
0.7
0.7
0.7
0.7
0.7
0.7
0.8
0.8
0.7
0.8
0.7
0.7
0.7
0.7
0.7
0.7
0.8
0.7
0.7
0.8
0.7
0.7
0.7
0.7
0.7
0.8
0.8
0.7
0.8
0.7
0.7
0.4
0.4
0.4
0.4
0.4
0.4
0.4
0.4
0.4
0.4
0.4
0.3
0.3
0.4
0.4
0.4
0.4
0.4
0.4
0.4
0.4
0.4
0.4
0.4
0.4
0.4
0.4
0.4
0.4
0.4
0.3
0.2
0.2
0.2
0.2
0.0
0.0
0.2
0.0
0.0